Entry 	Value 			Entry 	Value 			Entry 	Value 			Entry 	Value
0000 	0 x 00 00 00 00 	0001 	0 x 02 00 00 00 	0002 	0 x 03 00 00 00 	0003 	0 x 04 00 00 00 	
0004 	0 x 05 00 00 00 	0005 	0 x FF FF FF FF 	0006 	0 x FF FF FF FF 	0007 	0 x 00 00 00 00 	
0008 	0 x 00 00 00 00 	0009 	0 x 00 00 00 00 	0010 	0 x 00 00 00 00 	0011 	0 x 00 00 00 00 	
0012 	0 x 00 00 00 00 	0013 	0 x 00 00 00 00 	0014 	0 x 00 00 00 00 	0015 	0 x 00 00 00 00 	
0016 	0 x 00 00 00 00 	0017 	0 x 00 00 00 00 	0018 	0 x 00 00 00 00 	0019 	0 x 00 00 00 00 	
0020 	0 x 00 00 00 00 	0021 	0 x 00 00 00 00 	0022 	0 x 00 00 00 00 	0023 	0 x 00 00 00 00 	
0024 	0 x 00 00 00 00 	0025 	0 x 00 00 00 00 	0026 	0 x 00 00 00 00 	0027 	0 x 00 00 00 00 	
0028 	0 x 00 00 00 00 	0029 	0 x 00 00 00 00 	0030 	0 x 00 00 00 00 	0031 	0 x 00 00 00 00 	
0032 	0 x 00 00 00 00 	0033 	0 x 00 00 00 00 	0034 	0 x 00 00 00 00 	0035 	0 x 00 00 00 00 	
0036 	0 x 00 00 00 00 	0037 	0 x 00 00 00 00 	0038 	0 x 00 00 00 00 	0039 	0 x 00 00 00 00 	
0040 	0 x 00 00 00 00 	0041 	0 x 00 00 00 00 	0042 	0 x 00 00 00 00 	0043 	0 x 00 00 00 00 	
0044 	0 x 00 00 00 00 	0045 	0 x 00 00 00 00 	0046 	0 x 00 00 00 00 	0047 	0 x 00 00 00 00 	
0048 	0 x 00 00 00 00 	0049 	0 x 00 00 00 00 	0050 	0 x 00 00 00 00 	0051 	0 x 00 00 00 00 	
0052 	0 x 00 00 00 00 	0053 	0 x 00 00 00 00 	0054 	0 x 00 00 00 00 	0055 	0 x 00 00 00 00 	
0056 	0 x 00 00 00 00 	0057 	0 x 00 00 00 00 	0058 	0 x 00 00 00 00 	0059 	0 x 00 00 00 00 	
0060 	0 x 00 00 00 00 	0061 	0 x 00 00 00 00 	0062 	0 x 00 00 00 00 	0063 	0 x 00 00 00 00 	
0064 	0 x 00 00 00 00 	0065 	0 x 00 00 00 00 	0066 	0 x 00 00 00 00 	0067 	0 x 00 00 00 00 	
0068 	0 x 00 00 00 00 	0069 	0 x 00 00 00 00 	0070 	0 x 00 00 00 00 	0071 	0 x 00 00 00 00 	
0072 	0 x 00 00 00 00 	0073 	0 x 00 00 00 00 	0074 	0 x 00 00 00 00 	0075 	0 x 00 00 00 00 	
0076 	0 x 00 00 00 00 	0077 	0 x 00 00 00 00 	0078 	0 x 00 00 00 00 	0079 	0 x 00 00 00 00 	
0080 	0 x 00 00 00 00 	0081 	0 x 00 00 00 00 	0082 	0 x 00 00 00 00 	0083 	0 x 00 00 00 00 	
0084 	0 x 00 00 00 00 	0085 	0 x 00 00 00 00 	0086 	0 x 00 00 00 00 	0087 	0 x 00 00 00 00 	
0088 	0 x 00 00 00 00 	0089 	0 x 00 00 00 00 	0090 	0 x 00 00 00 00 	0091 	0 x 00 00 00 00 	
0092 	0 x 00 00 00 00 	0093 	0 x 00 00 00 00 	0094 	0 x 00 00 00 00 	0095 	0 x 00 00 00 00 	
0096 	0 x 00 00 00 00 	0097 	0 x 00 00 00 00 	0098 	0 x 00 00 00 00 	0099 	0 x 00 00 00 00 	
0100 	0 x 00 00 00 00 	0101 	0 x 00 00 00 00 	0102 	0 x 00 00 00 00 	0103 	0 x 00 00 00 00 	
0104 	0 x 00 00 00 00 	0105 	0 x 00 00 00 00 	0106 	0 x 00 00 00 00 	0107 	0 x 00 00 00 00 	
0108 	0 x 00 00 00 00 	0109 	0 x 00 00 00 00 	0110 	0 x 00 00 00 00 	0111 	0 x 00 00 00 00 	
0112 	0 x 00 00 00 00 	0113 	0 x 00 00 00 00 	0114 	0 x 00 00 00 00 	0115 	0 x 00 00 00 00 	
0116 	0 x 00 00 00 00 	0117 	0 x 00 00 00 00 	0118 	0 x 00 00 00 00 	0119 	0 x 00 00 00 00 	
0120 	0 x 00 00 00 00 	0121 	0 x 00 00 00 00 	0122 	0 x 00 00 00 00 	0123 	0 x 00 00 00 00 	
0124 	0 x 00 00 00 00 	0125 	0 x 00 00 00 00 	0126 	0 x 00 00 00 00 	0127 	0 x 00 00 00 00 	
0128 	0 x 00 00 00 00 	0129 	0 x 00 00 00 00 	0130 	0 x 00 00 00 00 	0131 	0 x 00 00 00 00 	
0132 	0 x 00 00 00 00 	0133 	0 x 00 00 00 00 	0134 	0 x 00 00 00 00 	0135 	0 x 00 00 00 00 	
0136 	0 x 00 00 00 00 	0137 	0 x 00 00 00 00 	0138 	0 x 00 00 00 00 	0139 	0 x 00 00 00 00 	
0140 	0 x 00 00 00 00 	0141 	0 x 00 00 00 00 	0142 	0 x 00 00 00 00 	0143 	0 x 00 00 00 00 	
0144 	0 x 00 00 00 00 	0145 	0 x 00 00 00 00 	0146 	0 x 00 00 00 00 	0147 	0 x 00 00 00 00 	
0148 	0 x 00 00 00 00 	0149 	0 x 00 00 00 00 	0150 	0 x 00 00 00 00 	0151 	0 x 00 00 00 00 	
0152 	0 x 00 00 00 00 	0153 	0 x 00 00 00 00 	0154 	0 x 00 00 00 00 	0155 	0 x 00 00 00 00 	
0156 	0 x 00 00 00 00 	0157 	0 x 00 00 00 00 	0158 	0 x 00 00 00 00 	0159 	0 x 00 00 00 00 	
0160 	0 x 00 00 00 00 	0161 	0 x 00 00 00 00 	0162 	0 x 00 00 00 00 	0163 	0 x 00 00 00 00 	
0164 	0 x 00 00 00 00 	0165 	0 x 00 00 00 00 	0166 	0 x 00 00 00 00 	0167 	0 x 00 00 00 00 	
0168 	0 x 00 00 00 00 	0169 	0 x 00 00 00 00 	0170 	0 x 00 00 00 00 	0171 	0 x 00 00 00 00 	
0172 	0 x 00 00 00 00 	0173 	0 x 00 00 00 00 	0174 	0 x 00 00 00 00 	0175 	0 x 00 00 00 00 	
0176 	0 x 00 00 00 00 	0177 	0 x 00 00 00 00 	0178 	0 x 00 00 00 00 	0179 	0 x 00 00 00 00 	
0180 	0 x 00 00 00 00 	0181 	0 x 00 00 00 00 	0182 	0 x 00 00 00 00 	0183 	0 x 00 00 00 00 	
0184 	0 x 00 00 00 00 	0185 	0 x 00 00 00 00 	0186 	0 x 00 00 00 00 	0187 	0 x 00 00 00 00 	
0188 	0 x 00 00 00 00 	0189 	0 x 00 00 00 00 	0190 	0 x 00 00 00 00 	0191 	0 x 00 00 00 00 	
0192 	0 x 00 00 00 00 	0193 	0 x 00 00 00 00 	0194 	0 x 00 00 00 00 	0195 	0 x 00 00 00 00 	
0196 	0 x 00 00 00 00 	0197 	0 x 00 00 00 00 	0198 	0 x 00 00 00 00 	0199 	0 x 00 00 00 00 	
0200 	0 x 00 00 00 00 	0201 	0 x 00 00 00 00 	0202 	0 x 00 00 00 00 	0203 	0 x 00 00 00 00 	
0204 	0 x 00 00 00 00 	0205 	0 x 00 00 00 00 	0206 	0 x 00 00 00 00 	0207 	0 x 00 00 00 00 	
0208 	0 x 00 00 00 00 	0209 	0 x 00 00 00 00 	0210 	0 x 00 00 00 00 	0211 	0 x 00 00 00 00 	
0212 	0 x 00 00 00 00 	0213 	0 x 00 00 00 00 	0214 	0 x 00 00 00 00 	0215 	0 x 00 00 00 00 	
0216 	0 x 00 00 00 00 	0217 	0 x 00 00 00 00 	0218 	0 x 00 00 00 00 	0219 	0 x 00 00 00 00 	
0220 	0 x 00 00 00 00 	0221 	0 x 00 00 00 00 	0222 	0 x 00 00 00 00 	0223 	0 x 00 00 00 00 	
0224 	0 x 00 00 00 00 	0225 	0 x 00 00 00 00 	0226 	0 x 00 00 00 00 	0227 	0 x 00 00 00 00 	
0228 	0 x 00 00 00 00 	0229 	0 x 00 00 00 00 	0230 	0 x 00 00 00 00 	0231 	0 x 00 00 00 00 	
0232 	0 x 00 00 00 00 	0233 	0 x 00 00 00 00 	0234 	0 x 00 00 00 00 	0235 	0 x 00 00 00 00 	
0236 	0 x 00 00 00 00 	0237 	0 x 00 00 00 00 	0238 	0 x 00 00 00 00 	0239 	0 x 00 00 00 00 	
0240 	0 x 00 00 00 00 	0241 	0 x 00 00 00 00 	0242 	0 x 00 00 00 00 	0243 	0 x 00 00 00 00 	
0244 	0 x 00 00 00 00 	0245 	0 x 00 00 00 00 	0246 	0 x 00 00 00 00 	0247 	0 x 00 00 00 00 	
0248 	0 x 00 00 00 00 	0249 	0 x 00 00 00 00 	0250 	0 x 00 00 00 00 	0251 	0 x 00 00 00 00 	
0252 	0 x 00 00 00 00 	0253 	0 x 00 00 00 00 	0254 	0 x 00 00 00 00 	0255 	0 x 00 00 00 00 	
0256 	0 x 00 00 00 00 	0257 	0 x 00 00 00 00 	0258 	0 x 00 00 00 00 	0259 	0 x 00 00 00 00 	
0260 	0 x 00 00 00 00 	0261 	0 x 00 00 00 00 	0262 	0 x 00 00 00 00 	0263 	0 x 00 00 00 00 	
0264 	0 x 00 00 00 00 	0265 	0 x 00 00 00 00 	0266 	0 x 00 00 00 00 	0267 	0 x 00 00 00 00 	
0268 	0 x 00 00 00 00 	0269 	0 x 00 00 00 00 	0270 	0 x 00 00 00 00 	0271 	0 x 00 00 00 00 	
0272 	0 x 00 00 00 00 	0273 	0 x 00 00 00 00 	0274 	0 x 00 00 00 00 	0275 	0 x 00 00 00 00 	
0276 	0 x 00 00 00 00 	0277 	0 x 00 00 00 00 	0278 	0 x 00 00 00 00 	0279 	0 x 00 00 00 00 	
0280 	0 x 00 00 00 00 	0281 	0 x 00 00 00 00 	0282 	0 x 00 00 00 00 	0283 	0 x 00 00 00 00 	
0284 	0 x 00 00 00 00 	0285 	0 x 00 00 00 00 	0286 	0 x 00 00 00 00 	0287 	0 x 00 00 00 00 	
0288 	0 x 00 00 00 00 	0289 	0 x 00 00 00 00 	0290 	0 x 00 00 00 00 	0291 	0 x 00 00 00 00 	
0292 	0 x 00 00 00 00 	0293 	0 x 00 00 00 00 	0294 	0 x 00 00 00 00 	0295 	0 x 00 00 00 00 	
0296 	0 x 00 00 00 00 	0297 	0 x 00 00 00 00 	0298 	0 x 00 00 00 00 	0299 	0 x 00 00 00 00 	
0300 	0 x 00 00 00 00 	0301 	0 x 00 00 00 00 	0302 	0 x 00 00 00 00 	0303 	0 x 00 00 00 00 	
0304 	0 x 00 00 00 00 	0305 	0 x 00 00 00 00 	0306 	0 x 00 00 00 00 	0307 	0 x 00 00 00 00 	
0308 	0 x 00 00 00 00 	0309 	0 x 00 00 00 00 	0310 	0 x 00 00 00 00 	0311 	0 x 00 00 00 00 	
0312 	0 x 00 00 00 00 	0313 	0 x 00 00 00 00 	0314 	0 x 00 00 00 00 	0315 	0 x 00 00 00 00 	
0316 	0 x 00 00 00 00 	0317 	0 x 00 00 00 00 	0318 	0 x 00 00 00 00 	0319 	0 x 00 00 00 00 	
0320 	0 x 00 00 00 00 	0321 	0 x 00 00 00 00 	0322 	0 x 00 00 00 00 	0323 	0 x 00 00 00 00 	
0324 	0 x 00 00 00 00 	0325 	0 x 00 00 00 00 	0326 	0 x 00 00 00 00 	0327 	0 x 00 00 00 00 	
0328 	0 x 00 00 00 00 	0329 	0 x 00 00 00 00 	0330 	0 x 00 00 00 00 	0331 	0 x 00 00 00 00 	
0332 	0 x 00 00 00 00 	0333 	0 x 00 00 00 00 	0334 	0 x 00 00 00 00 	0335 	0 x 00 00 00 00 	
0336 	0 x 00 00 00 00 	0337 	0 x 00 00 00 00 	0338 	0 x 00 00 00 00 	0339 	0 x 00 00 00 00 	
0340 	0 x 00 00 00 00 	0341 	0 x 00 00 00 00 	0342 	0 x 00 00 00 00 	0343 	0 x 00 00 00 00 	
0344 	0 x 00 00 00 00 	0345 	0 x 00 00 00 00 	0346 	0 x 00 00 00 00 	0347 	0 x 00 00 00 00 	
0348 	0 x 00 00 00 00 	0349 	0 x 00 00 00 00 	0350 	0 x 00 00 00 00 	0351 	0 x 00 00 00 00 	
0352 	0 x 00 00 00 00 	0353 	0 x 00 00 00 00 	0354 	0 x 00 00 00 00 	0355 	0 x 00 00 00 00 	
0356 	0 x 00 00 00 00 	0357 	0 x 00 00 00 00 	0358 	0 x 00 00 00 00 	0359 	0 x 00 00 00 00 	
0360 	0 x 00 00 00 00 	0361 	0 x 00 00 00 00 	0362 	0 x 00 00 00 00 	0363 	0 x 00 00 00 00 	
0364 	0 x 00 00 00 00 	0365 	0 x 00 00 00 00 	0366 	0 x 00 00 00 00 	0367 	0 x 00 00 00 00 	
0368 	0 x 00 00 00 00 	0369 	0 x 00 00 00 00 	0370 	0 x 00 00 00 00 	0371 	0 x 00 00 00 00 	
0372 	0 x 00 00 00 00 	0373 	0 x 00 00 00 00 	0374 	0 x 00 00 00 00 	0375 	0 x 00 00 00 00 	
0376 	0 x 00 00 00 00 	0377 	0 x 00 00 00 00 	0378 	0 x 00 00 00 00 	0379 	0 x 00 00 00 00 	
0380 	0 x 00 00 00 00 	0381 	0 x 00 00 00 00 	0382 	0 x 00 00 00 00 	0383 	0 x 00 00 00 00 	
0384 	0 x 00 00 00 00 	0385 	0 x 00 00 00 00 	0386 	0 x 00 00 00 00 	0387 	0 x 00 00 00 00 	
0388 	0 x 00 00 00 00 	0389 	0 x 00 00 00 00 	0390 	0 x 00 00 00 00 	0391 	0 x 00 00 00 00 	
0392 	0 x 00 00 00 00 	0393 	0 x 00 00 00 00 	0394 	0 x 00 00 00 00 	0395 	0 x 00 00 00 00 	
0396 	0 x 00 00 00 00 	0397 	0 x 00 00 00 00 	0398 	0 x 00 00 00 00 	0399 	0 x 00 00 00 00 	
0400 	0 x 00 00 00 00 	0401 	0 x 00 00 00 00 	0402 	0 x 00 00 00 00 	0403 	0 x 00 00 00 00 	
0404 	0 x 00 00 00 00 	0405 	0 x 00 00 00 00 	0406 	0 x 00 00 00 00 	0407 	0 x 00 00 00 00 	
0408 	0 x 00 00 00 00 	0409 	0 x 00 00 00 00 	0410 	0 x 00 00 00 00 	0411 	0 x 00 00 00 00 	
0412 	0 x 00 00 00 00 	0413 	0 x 00 00 00 00 	0414 	0 x 00 00 00 00 	0415 	0 x 00 00 00 00 	
0416 	0 x 00 00 00 00 	0417 	0 x 00 00 00 00 	0418 	0 x 00 00 00 00 	0419 	0 x 00 00 00 00 	
0420 	0 x 00 00 00 00 	0421 	0 x 00 00 00 00 	0422 	0 x 00 00 00 00 	0423 	0 x 00 00 00 00 	
0424 	0 x 00 00 00 00 	0425 	0 x 00 00 00 00 	0426 	0 x 00 00 00 00 	0427 	0 x 00 00 00 00 	
0428 	0 x 00 00 00 00 	0429 	0 x 00 00 00 00 	0430 	0 x 00 00 00 00 	0431 	0 x 00 00 00 00 	
0432 	0 x 00 00 00 00 	0433 	0 x 00 00 00 00 	0434 	0 x 00 00 00 00 	0435 	0 x 00 00 00 00 	
0436 	0 x 00 00 00 00 	0437 	0 x 00 00 00 00 	0438 	0 x 00 00 00 00 	0439 	0 x 00 00 00 00 	
0440 	0 x 00 00 00 00 	0441 	0 x 00 00 00 00 	0442 	0 x 00 00 00 00 	0443 	0 x 00 00 00 00 	
0444 	0 x 00 00 00 00 	0445 	0 x 00 00 00 00 	0446 	0 x 00 00 00 00 	0447 	0 x 00 00 00 00 	
0448 	0 x 00 00 00 00 	0449 	0 x 00 00 00 00 	0450 	0 x 00 00 00 00 	0451 	0 x 00 00 00 00 	
0452 	0 x 00 00 00 00 	0453 	0 x 00 00 00 00 	0454 	0 x 00 00 00 00 	0455 	0 x 00 00 00 00 	
0456 	0 x 00 00 00 00 	0457 	0 x 00 00 00 00 	0458 	0 x 00 00 00 00 	0459 	0 x 00 00 00 00 	
0460 	0 x 00 00 00 00 	0461 	0 x 00 00 00 00 	0462 	0 x 00 00 00 00 	0463 	0 x 00 00 00 00 	
0464 	0 x 00 00 00 00 	0465 	0 x 00 00 00 00 	0466 	0 x 00 00 00 00 	0467 	0 x 00 00 00 00 	
0468 	0 x 00 00 00 00 	0469 	0 x 00 00 00 00 	0470 	0 x 00 00 00 00 	0471 	0 x 00 00 00 00 	
0472 	0 x 00 00 00 00 	0473 	0 x 00 00 00 00 	0474 	0 x 00 00 00 00 	0475 	0 x 00 00 00 00 	
0476 	0 x 00 00 00 00 	0477 	0 x 00 00 00 00 	0478 	0 x 00 00 00 00 	0479 	0 x 00 00 00 00 	
0480 	0 x 00 00 00 00 	0481 	0 x 00 00 00 00 	0482 	0 x 00 00 00 00 	0483 	0 x 00 00 00 00 	
0484 	0 x 00 00 00 00 	0485 	0 x 00 00 00 00 	0486 	0 x 00 00 00 00 	0487 	0 x 00 00 00 00 	
0488 	0 x 00 00 00 00 	0489 	0 x 00 00 00 00 	0490 	0 x 00 00 00 00 	0491 	0 x 00 00 00 00 	
0492 	0 x 00 00 00 00 	0493 	0 x 00 00 00 00 	0494 	0 x 00 00 00 00 	0495 	0 x 00 00 00 00 	
0496 	0 x 00 00 00 00 	0497 	0 x 00 00 00 00 	0498 	0 x 00 00 00 00 	0499 	0 x 00 00 00 00 	
0500 	0 x 00 00 00 00 	0501 	0 x 00 00 00 00 	0502 	0 x 00 00 00 00 	0503 	0 x 00 00 00 00 	
0504 	0 x 00 00 00 00 	0505 	0 x 00 00 00 00 	0506 	0 x 00 00 00 00 	0507 	0 x 00 00 00 00 	
0508 	0 x 00 00 00 00 	0509 	0 x 00 00 00 00 	0510 	0 x 00 00 00 00 	0511 	0 x 00 00 00 00 	
0512 	0 x 00 00 00 00 	0513 	0 x 00 00 00 00 	0514 	0 x 00 00 00 00 	0515 	0 x 00 00 00 00 	
0516 	0 x 00 00 00 00 	0517 	0 x 00 00 00 00 	0518 	0 x 00 00 00 00 	0519 	0 x 00 00 00 00 	
0520 	0 x 00 00 00 00 	0521 	0 x 00 00 00 00 	0522 	0 x 00 00 00 00 	0523 	0 x 00 00 00 00 	
0524 	0 x 00 00 00 00 	0525 	0 x 00 00 00 00 	0526 	0 x 00 00 00 00 	0527 	0 x 00 00 00 00 	
0528 	0 x 00 00 00 00 	0529 	0 x 00 00 00 00 	0530 	0 x 00 00 00 00 	0531 	0 x 00 00 00 00 	
0532 	0 x 00 00 00 00 	0533 	0 x 00 00 00 00 	0534 	0 x 00 00 00 00 	0535 	0 x 00 00 00 00 	
0536 	0 x 00 00 00 00 	0537 	0 x 00 00 00 00 	0538 	0 x 00 00 00 00 	0539 	0 x 00 00 00 00 	
0540 	0 x 00 00 00 00 	0541 	0 x 00 00 00 00 	0542 	0 x 00 00 00 00 	0543 	0 x 00 00 00 00 	
0544 	0 x 00 00 00 00 	0545 	0 x 00 00 00 00 	0546 	0 x 00 00 00 00 	0547 	0 x 00 00 00 00 	
0548 	0 x 00 00 00 00 	0549 	0 x 00 00 00 00 	0550 	0 x 00 00 00 00 	0551 	0 x 00 00 00 00 	
0552 	0 x 00 00 00 00 	0553 	0 x 00 00 00 00 	0554 	0 x 00 00 00 00 	0555 	0 x 00 00 00 00 	
0556 	0 x 00 00 00 00 	0557 	0 x 00 00 00 00 	0558 	0 x 00 00 00 00 	0559 	0 x 00 00 00 00 	
0560 	0 x 00 00 00 00 	0561 	0 x 00 00 00 00 	0562 	0 x 00 00 00 00 	0563 	0 x 00 00 00 00 	
0564 	0 x 00 00 00 00 	0565 	0 x 00 00 00 00 	0566 	0 x 00 00 00 00 	0567 	0 x 00 00 00 00 	
0568 	0 x 00 00 00 00 	0569 	0 x 00 00 00 00 	0570 	0 x 00 00 00 00 	0571 	0 x 00 00 00 00 	
0572 	0 x 00 00 00 00 	0573 	0 x 00 00 00 00 	0574 	0 x 00 00 00 00 	0575 	0 x 00 00 00 00 	
0576 	0 x 00 00 00 00 	0577 	0 x 00 00 00 00 	0578 	0 x 00 00 00 00 	0579 	0 x 00 00 00 00 	
0580 	0 x 00 00 00 00 	0581 	0 x 00 00 00 00 	0582 	0 x 00 00 00 00 	0583 	0 x 00 00 00 00 	
0584 	0 x 00 00 00 00 	0585 	0 x 00 00 00 00 	0586 	0 x 00 00 00 00 	0587 	0 x 00 00 00 00 	
0588 	0 x 00 00 00 00 	0589 	0 x 00 00 00 00 	0590 	0 x 00 00 00 00 	0591 	0 x 00 00 00 00 	
0592 	0 x 00 00 00 00 	0593 	0 x 00 00 00 00 	0594 	0 x 00 00 00 00 	0595 	0 x 00 00 00 00 	
0596 	0 x 00 00 00 00 	0597 	0 x 00 00 00 00 	0598 	0 x 00 00 00 00 	0599 	0 x 00 00 00 00 	
0600 	0 x 00 00 00 00 	0601 	0 x 00 00 00 00 	0602 	0 x 00 00 00 00 	0603 	0 x 00 00 00 00 	
0604 	0 x 00 00 00 00 	0605 	0 x 00 00 00 00 	0606 	0 x 00 00 00 00 	0607 	0 x 00 00 00 00 	
0608 	0 x 00 00 00 00 	0609 	0 x 00 00 00 00 	0610 	0 x 00 00 00 00 	0611 	0 x 00 00 00 00 	
0612 	0 x 00 00 00 00 	0613 	0 x 00 00 00 00 	0614 	0 x 00 00 00 00 	0615 	0 x 00 00 00 00 	
0616 	0 x 00 00 00 00 	0617 	0 x 00 00 00 00 	0618 	0 x 00 00 00 00 	0619 	0 x 00 00 00 00 	
0620 	0 x 00 00 00 00 	0621 	0 x 00 00 00 00 	0622 	0 x 00 00 00 00 	0623 	0 x 00 00 00 00 	
0624 	0 x 00 00 00 00 	0625 	0 x 00 00 00 00 	0626 	0 x 00 00 00 00 	0627 	0 x 00 00 00 00 	
0628 	0 x 00 00 00 00 	0629 	0 x 00 00 00 00 	0630 	0 x 00 00 00 00 	0631 	0 x 00 00 00 00 	
0632 	0 x 00 00 00 00 	0633 	0 x 00 00 00 00 	0634 	0 x 00 00 00 00 	0635 	0 x 00 00 00 00 	
0636 	0 x 00 00 00 00 	0637 	0 x 00 00 00 00 	0638 	0 x 00 00 00 00 	0639 	0 x 00 00 00 00 	
0640 	0 x 00 00 00 00 	0641 	0 x 00 00 00 00 	0642 	0 x 00 00 00 00 	0643 	0 x 00 00 00 00 	
0644 	0 x 00 00 00 00 	0645 	0 x 00 00 00 00 	0646 	0 x 00 00 00 00 	0647 	0 x 00 00 00 00 	
0648 	0 x 00 00 00 00 	0649 	0 x 00 00 00 00 	0650 	0 x 00 00 00 00 	0651 	0 x 00 00 00 00 	
0652 	0 x 00 00 00 00 	0653 	0 x 00 00 00 00 	0654 	0 x 00 00 00 00 	0655 	0 x 00 00 00 00 	
0656 	0 x 00 00 00 00 	0657 	0 x 00 00 00 00 	0658 	0 x 00 00 00 00 	0659 	0 x 00 00 00 00 	
0660 	0 x 00 00 00 00 	0661 	0 x 00 00 00 00 	0662 	0 x 00 00 00 00 	0663 	0 x 00 00 00 00 	
0664 	0 x 00 00 00 00 	0665 	0 x 00 00 00 00 	0666 	0 x 00 00 00 00 	0667 	0 x 00 00 00 00 	
0668 	0 x 00 00 00 00 	0669 	0 x 00 00 00 00 	0670 	0 x 00 00 00 00 	0671 	0 x 00 00 00 00 	
0672 	0 x 00 00 00 00 	0673 	0 x 00 00 00 00 	0674 	0 x 00 00 00 00 	0675 	0 x 00 00 00 00 	
0676 	0 x 00 00 00 00 	0677 	0 x 00 00 00 00 	0678 	0 x 00 00 00 00 	0679 	0 x 00 00 00 00 	
0680 	0 x 00 00 00 00 	0681 	0 x 00 00 00 00 	0682 	0 x 00 00 00 00 	0683 	0 x 00 00 00 00 	
0684 	0 x 00 00 00 00 	0685 	0 x 00 00 00 00 	0686 	0 x 00 00 00 00 	0687 	0 x 00 00 00 00 	
0688 	0 x 00 00 00 00 	0689 	0 x 00 00 00 00 	0690 	0 x 00 00 00 00 	0691 	0 x 00 00 00 00 	
0692 	0 x 00 00 00 00 	0693 	0 x 00 00 00 00 	0694 	0 x 00 00 00 00 	0695 	0 x 00 00 00 00 	
0696 	0 x 00 00 00 00 	0697 	0 x 00 00 00 00 	0698 	0 x 00 00 00 00 	0699 	0 x 00 00 00 00 	
0700 	0 x 00 00 00 00 	0701 	0 x 00 00 00 00 	0702 	0 x 00 00 00 00 	0703 	0 x 00 00 00 00 	
0704 	0 x 00 00 00 00 	0705 	0 x 00 00 00 00 	0706 	0 x 00 00 00 00 	0707 	0 x 00 00 00 00 	
0708 	0 x 00 00 00 00 	0709 	0 x 00 00 00 00 	0710 	0 x 00 00 00 00 	0711 	0 x 00 00 00 00 	
0712 	0 x 00 00 00 00 	0713 	0 x 00 00 00 00 	0714 	0 x 00 00 00 00 	0715 	0 x 00 00 00 00 	
0716 	0 x 00 00 00 00 	0717 	0 x 00 00 00 00 	0718 	0 x 00 00 00 00 	0719 	0 x 00 00 00 00 	
0720 	0 x 00 00 00 00 	0721 	0 x 00 00 00 00 	0722 	0 x 00 00 00 00 	0723 	0 x 00 00 00 00 	
0724 	0 x 00 00 00 00 	0725 	0 x 00 00 00 00 	0726 	0 x 00 00 00 00 	0727 	0 x 00 00 00 00 	
0728 	0 x 00 00 00 00 	0729 	0 x 00 00 00 00 	0730 	0 x 00 00 00 00 	0731 	0 x 00 00 00 00 	
0732 	0 x 00 00 00 00 	0733 	0 x 00 00 00 00 	0734 	0 x 00 00 00 00 	0735 	0 x 00 00 00 00 	
0736 	0 x 00 00 00 00 	0737 	0 x 00 00 00 00 	0738 	0 x 00 00 00 00 	0739 	0 x 00 00 00 00 	
0740 	0 x 00 00 00 00 	0741 	0 x 00 00 00 00 	0742 	0 x 00 00 00 00 	0743 	0 x 00 00 00 00 	
0744 	0 x 00 00 00 00 	0745 	0 x 00 00 00 00 	0746 	0 x 00 00 00 00 	0747 	0 x 00 00 00 00 	
0748 	0 x 00 00 00 00 	0749 	0 x 00 00 00 00 	0750 	0 x 00 00 00 00 	0751 	0 x 00 00 00 00 	
0752 	0 x 00 00 00 00 	0753 	0 x 00 00 00 00 	0754 	0 x 00 00 00 00 	0755 	0 x 00 00 00 00 	
0756 	0 x 00 00 00 00 	0757 	0 x 00 00 00 00 	0758 	0 x 00 00 00 00 	0759 	0 x 00 00 00 00 	
0760 	0 x 00 00 00 00 	0761 	0 x 00 00 00 00 	0762 	0 x 00 00 00 00 	0763 	0 x 00 00 00 00 	
0764 	0 x 00 00 00 00 	0765 	0 x 00 00 00 00 	0766 	0 x 00 00 00 00 	0767 	0 x 00 00 00 00 	
0768 	0 x 00 00 00 00 	0769 	0 x 00 00 00 00 	0770 	0 x 00 00 00 00 	0771 	0 x 00 00 00 00 	
0772 	0 x 00 00 00 00 	0773 	0 x 00 00 00 00 	0774 	0 x 00 00 00 00 	0775 	0 x 00 00 00 00 	
0776 	0 x 00 00 00 00 	0777 	0 x 00 00 00 00 	0778 	0 x 00 00 00 00 	0779 	0 x 00 00 00 00 	
0780 	0 x 00 00 00 00 	0781 	0 x 00 00 00 00 	0782 	0 x 00 00 00 00 	0783 	0 x 00 00 00 00 	
0784 	0 x 00 00 00 00 	0785 	0 x 00 00 00 00 	0786 	0 x 00 00 00 00 	0787 	0 x 00 00 00 00 	
0788 	0 x 00 00 00 00 	0789 	0 x 00 00 00 00 	0790 	0 x 00 00 00 00 	0791 	0 x 00 00 00 00 	
0792 	0 x 00 00 00 00 	0793 	0 x 00 00 00 00 	0794 	0 x 00 00 00 00 	0795 	0 x 00 00 00 00 	
0796 	0 x 00 00 00 00 	0797 	0 x 00 00 00 00 	0798 	0 x 00 00 00 00 	0799 	0 x 00 00 00 00 	
0800 	0 x 00 00 00 00 	0801 	0 x 00 00 00 00 	0802 	0 x 00 00 00 00 	0803 	0 x 00 00 00 00 	
0804 	0 x 00 00 00 00 	0805 	0 x 00 00 00 00 	0806 	0 x 00 00 00 00 	0807 	0 x 00 00 00 00 	
0808 	0 x 00 00 00 00 	0809 	0 x 00 00 00 00 	0810 	0 x 00 00 00 00 	0811 	0 x 00 00 00 00 	
0812 	0 x 00 00 00 00 	0813 	0 x 00 00 00 00 	0814 	0 x 00 00 00 00 	0815 	0 x 00 00 00 00 	
0816 	0 x 00 00 00 00 	0817 	0 x 00 00 00 00 	0818 	0 x 00 00 00 00 	0819 	0 x 00 00 00 00 	
0820 	0 x 00 00 00 00 	0821 	0 x 00 00 00 00 	0822 	0 x 00 00 00 00 	0823 	0 x 00 00 00 00 	
0824 	0 x 00 00 00 00 	0825 	0 x 00 00 00 00 	0826 	0 x 00 00 00 00 	0827 	0 x 00 00 00 00 	
0828 	0 x 00 00 00 00 	0829 	0 x 00 00 00 00 	0830 	0 x 00 00 00 00 	0831 	0 x 00 00 00 00 	
0832 	0 x 00 00 00 00 	0833 	0 x 00 00 00 00 	0834 	0 x 00 00 00 00 	0835 	0 x 00 00 00 00 	
0836 	0 x 00 00 00 00 	0837 	0 x 00 00 00 00 	0838 	0 x 00 00 00 00 	0839 	0 x 00 00 00 00 	
0840 	0 x 00 00 00 00 	0841 	0 x 00 00 00 00 	0842 	0 x 00 00 00 00 	0843 	0 x 00 00 00 00 	
0844 	0 x 00 00 00 00 	0845 	0 x 00 00 00 00 	0846 	0 x 00 00 00 00 	0847 	0 x 00 00 00 00 	
0848 	0 x 00 00 00 00 	0849 	0 x 00 00 00 00 	0850 	0 x 00 00 00 00 	0851 	0 x 00 00 00 00 	
0852 	0 x 00 00 00 00 	0853 	0 x 00 00 00 00 	0854 	0 x 00 00 00 00 	0855 	0 x 00 00 00 00 	
0856 	0 x 00 00 00 00 	0857 	0 x 00 00 00 00 	0858 	0 x 00 00 00 00 	0859 	0 x 00 00 00 00 	
0860 	0 x 00 00 00 00 	0861 	0 x 00 00 00 00 	0862 	0 x 00 00 00 00 	0863 	0 x 00 00 00 00 	
0864 	0 x 00 00 00 00 	0865 	0 x 00 00 00 00 	0866 	0 x 00 00 00 00 	0867 	0 x 00 00 00 00 	
0868 	0 x 00 00 00 00 	0869 	0 x 00 00 00 00 	0870 	0 x 00 00 00 00 	0871 	0 x 00 00 00 00 	
0872 	0 x 00 00 00 00 	0873 	0 x 00 00 00 00 	0874 	0 x 00 00 00 00 	0875 	0 x 00 00 00 00 	
0876 	0 x 00 00 00 00 	0877 	0 x 00 00 00 00 	0878 	0 x 00 00 00 00 	0879 	0 x 00 00 00 00 	
0880 	0 x 00 00 00 00 	0881 	0 x 00 00 00 00 	0882 	0 x 00 00 00 00 	0883 	0 x 00 00 00 00 	
0884 	0 x 00 00 00 00 	0885 	0 x 00 00 00 00 	0886 	0 x 00 00 00 00 	0887 	0 x 00 00 00 00 	
0888 	0 x 00 00 00 00 	0889 	0 x 00 00 00 00 	0890 	0 x 00 00 00 00 	0891 	0 x 00 00 00 00 	
0892 	0 x 00 00 00 00 	0893 	0 x 00 00 00 00 	0894 	0 x 00 00 00 00 	0895 	0 x 00 00 00 00 	
0896 	0 x 00 00 00 00 	0897 	0 x 00 00 00 00 	0898 	0 x 00 00 00 00 	0899 	0 x 00 00 00 00 	
0900 	0 x 00 00 00 00 	0901 	0 x 00 00 00 00 	0902 	0 x 00 00 00 00 	0903 	0 x 00 00 00 00 	
0904 	0 x 00 00 00 00 	0905 	0 x 00 00 00 00 	0906 	0 x 00 00 00 00 	0907 	0 x 00 00 00 00 	
0908 	0 x 00 00 00 00 	0909 	0 x 00 00 00 00 	0910 	0 x 00 00 00 00 	0911 	0 x 00 00 00 00 	
0912 	0 x 00 00 00 00 	0913 	0 x 00 00 00 00 	0914 	0 x 00 00 00 00 	0915 	0 x 00 00 00 00 	
0916 	0 x 00 00 00 00 	0917 	0 x 00 00 00 00 	0918 	0 x 00 00 00 00 	0919 	0 x 00 00 00 00 	
0920 	0 x 00 00 00 00 	0921 	0 x 00 00 00 00 	0922 	0 x 00 00 00 00 	0923 	0 x 00 00 00 00 	
0924 	0 x 00 00 00 00 	0925 	0 x 00 00 00 00 	0926 	0 x 00 00 00 00 	0927 	0 x 00 00 00 00 	
0928 	0 x 00 00 00 00 	0929 	0 x 00 00 00 00 	0930 	0 x 00 00 00 00 	0931 	0 x 00 00 00 00 	
0932 	0 x 00 00 00 00 	0933 	0 x 00 00 00 00 	0934 	0 x 00 00 00 00 	0935 	0 x 00 00 00 00 	
0936 	0 x 00 00 00 00 	0937 	0 x 00 00 00 00 	0938 	0 x 00 00 00 00 	0939 	0 x 00 00 00 00 	
0940 	0 x 00 00 00 00 	0941 	0 x 00 00 00 00 	0942 	0 x 00 00 00 00 	0943 	0 x 00 00 00 00 	
0944 	0 x 00 00 00 00 	0945 	0 x 00 00 00 00 	0946 	0 x 00 00 00 00 	0947 	0 x 00 00 00 00 	
0948 	0 x 00 00 00 00 	0949 	0 x 00 00 00 00 	0950 	0 x 00 00 00 00 	0951 	0 x 00 00 00 00 	
0952 	0 x 00 00 00 00 	0953 	0 x 00 00 00 00 	0954 	0 x 00 00 00 00 	0955 	0 x 00 00 00 00 	
0956 	0 x 00 00 00 00 	0957 	0 x 00 00 00 00 	0958 	0 x 00 00 00 00 	0959 	0 x 00 00 00 00 	
0960 	0 x 00 00 00 00 	0961 	0 x 00 00 00 00 	0962 	0 x 00 00 00 00 	0963 	0 x 00 00 00 00 	
0964 	0 x 00 00 00 00 	0965 	0 x 00 00 00 00 	0966 	0 x 00 00 00 00 	0967 	0 x 00 00 00 00 	
0968 	0 x 00 00 00 00 	0969 	0 x 00 00 00 00 	0970 	0 x 00 00 00 00 	0971 	0 x 00 00 00 00 	
0972 	0 x 00 00 00 00 	0973 	0 x 00 00 00 00 	0974 	0 x 00 00 00 00 	0975 	0 x 00 00 00 00 	
0976 	0 x 00 00 00 00 	0977 	0 x 00 00 00 00 	0978 	0 x 00 00 00 00 	0979 	0 x 00 00 00 00 	
0980 	0 x 00 00 00 00 	0981 	0 x 00 00 00 00 	0982 	0 x 00 00 00 00 	0983 	0 x 00 00 00 00 	
0984 	0 x 00 00 00 00 	0985 	0 x 00 00 00 00 	0986 	0 x 00 00 00 00 	0987 	0 x 00 00 00 00 	
0988 	0 x 00 00 00 00 	0989 	0 x 00 00 00 00 	0990 	0 x 00 00 00 00 	0991 	0 x 00 00 00 00 	
0992 	0 x 00 00 00 00 	0993 	0 x 00 00 00 00 	0994 	0 x 00 00 00 00 	0995 	0 x 00 00 00 00 	
0996 	0 x 00 00 00 00 	0997 	0 x 00 00 00 00 	0998 	0 x 00 00 00 00 	0999 	0 x 00 00 00 00 	
1000 	0 x 00 00 00 00 	1001 	0 x 00 00 00 00 	1002 	0 x 00 00 00 00 	1003 	0 x 00 00 00 00 	
1004 	0 x 00 00 00 00 	1005 	0 x 00 00 00 00 	1006 	0 x 00 00 00 00 	1007 	0 x 00 00 00 00 	
1008 	0 x 00 00 00 00 	1009 	0 x 00 00 00 00 	1010 	0 x 00 00 00 00 	1011 	0 x 00 00 00 00 	
1012 	0 x 00 00 00 00 	1013 	0 x 00 00 00 00 	1014 	0 x 00 00 00 00 	1015 	0 x 00 00 00 00 	
1016 	0 x 00 00 00 00 	1017 	0 x 00 00 00 00 	1018 	0 x 00 00 00 00 	1019 	0 x 00 00 00 00 	
1020 	0 x 00 00 00 00 	1021 	0 x 00 00 00 00 	1022 	0 x 00 00 00 00 	1023 	0 x 00 00 00 00 	
1024 	0 x 00 00 00 00 	1025 	0 x 00 00 00 00 	1026 	0 x 00 00 00 00 	1027 	0 x 00 00 00 00 	
1028 	0 x 00 00 00 00 	1029 	0 x 00 00 00 00 	1030 	0 x 00 00 00 00 	1031 	0 x 00 00 00 00 	
1032 	0 x 00 00 00 00 	1033 	0 x 00 00 00 00 	1034 	0 x 00 00 00 00 	1035 	0 x 00 00 00 00 	
1036 	0 x 00 00 00 00 	1037 	0 x 00 00 00 00 	1038 	0 x 00 00 00 00 	1039 	0 x 00 00 00 00 	
1040 	0 x 00 00 00 00 	1041 	0 x 00 00 00 00 	1042 	0 x 00 00 00 00 	1043 	0 x 00 00 00 00 	
1044 	0 x 00 00 00 00 	1045 	0 x 00 00 00 00 	1046 	0 x 00 00 00 00 	1047 	0 x 00 00 00 00 	
1048 	0 x 00 00 00 00 	1049 	0 x 00 00 00 00 	1050 	0 x 00 00 00 00 	1051 	0 x 00 00 00 00 	
1052 	0 x 00 00 00 00 	1053 	0 x 00 00 00 00 	1054 	0 x 00 00 00 00 	1055 	0 x 00 00 00 00 	
1056 	0 x 00 00 00 00 	1057 	0 x 00 00 00 00 	1058 	0 x 00 00 00 00 	1059 	0 x 00 00 00 00 	
1060 	0 x 00 00 00 00 	1061 	0 x 00 00 00 00 	1062 	0 x 00 00 00 00 	1063 	0 x 00 00 00 00 	
1064 	0 x 00 00 00 00 	1065 	0 x 00 00 00 00 	1066 	0 x 00 00 00 00 	1067 	0 x 00 00 00 00 	
1068 	0 x 00 00 00 00 	1069 	0 x 00 00 00 00 	1070 	0 x 00 00 00 00 	1071 	0 x 00 00 00 00 	
1072 	0 x 00 00 00 00 	1073 	0 x 00 00 00 00 	1074 	0 x 00 00 00 00 	1075 	0 x 00 00 00 00 	
1076 	0 x 00 00 00 00 	1077 	0 x 00 00 00 00 	1078 	0 x 00 00 00 00 	1079 	0 x 00 00 00 00 	
1080 	0 x 00 00 00 00 	1081 	0 x 00 00 00 00 	1082 	0 x 00 00 00 00 	1083 	0 x 00 00 00 00 	
1084 	0 x 00 00 00 00 	1085 	0 x 00 00 00 00 	1086 	0 x 00 00 00 00 	1087 	0 x 00 00 00 00 	
1088 	0 x 00 00 00 00 	1089 	0 x 00 00 00 00 	1090 	0 x 00 00 00 00 	1091 	0 x 00 00 00 00 	
1092 	0 x 00 00 00 00 	1093 	0 x 00 00 00 00 	1094 	0 x 00 00 00 00 	1095 	0 x 00 00 00 00 	
1096 	0 x 00 00 00 00 	1097 	0 x 00 00 00 00 	1098 	0 x 00 00 00 00 	1099 	0 x 00 00 00 00 	
1100 	0 x 00 00 00 00 	1101 	0 x 00 00 00 00 	1102 	0 x 00 00 00 00 	1103 	0 x 00 00 00 00 	
1104 	0 x 00 00 00 00 	1105 	0 x 00 00 00 00 	1106 	0 x 00 00 00 00 	1107 	0 x 00 00 00 00 	
1108 	0 x 00 00 00 00 	1109 	0 x 00 00 00 00 	1110 	0 x 00 00 00 00 	1111 	0 x 00 00 00 00 	
1112 	0 x 00 00 00 00 	1113 	0 x 00 00 00 00 	1114 	0 x 00 00 00 00 	1115 	0 x 00 00 00 00 	
1116 	0 x 00 00 00 00 	1117 	0 x 00 00 00 00 	1118 	0 x 00 00 00 00 	1119 	0 x 00 00 00 00 	
1120 	0 x 00 00 00 00 	1121 	0 x 00 00 00 00 	1122 	0 x 00 00 00 00 	1123 	0 x 00 00 00 00 	
1124 	0 x 00 00 00 00 	1125 	0 x 00 00 00 00 	1126 	0 x 00 00 00 00 	1127 	0 x 00 00 00 00 	
1128 	0 x 00 00 00 00 	1129 	0 x 00 00 00 00 	1130 	0 x 00 00 00 00 	1131 	0 x 00 00 00 00 	
1132 	0 x 00 00 00 00 	1133 	0 x 00 00 00 00 	1134 	0 x 00 00 00 00 	1135 	0 x 00 00 00 00 	
1136 	0 x 00 00 00 00 	1137 	0 x 00 00 00 00 	1138 	0 x 00 00 00 00 	1139 	0 x 00 00 00 00 	
1140 	0 x 00 00 00 00 	1141 	0 x 00 00 00 00 	1142 	0 x 00 00 00 00 	1143 	0 x 00 00 00 00 	
1144 	0 x 00 00 00 00 	1145 	0 x 00 00 00 00 	1146 	0 x 00 00 00 00 	1147 	0 x 00 00 00 00 	
1148 	0 x 00 00 00 00 	1149 	0 x 00 00 00 00 	1150 	0 x 00 00 00 00 	1151 	0 x 00 00 00 00 	
1152 	0 x 00 00 00 00 	1153 	0 x 00 00 00 00 	1154 	0 x 00 00 00 00 	1155 	0 x 00 00 00 00 	
1156 	0 x 00 00 00 00 	1157 	0 x 00 00 00 00 	1158 	0 x 00 00 00 00 	1159 	0 x 00 00 00 00 	
1160 	0 x 00 00 00 00 	1161 	0 x 00 00 00 00 	1162 	0 x 00 00 00 00 	1163 	0 x 00 00 00 00 	
1164 	0 x 00 00 00 00 	1165 	0 x 00 00 00 00 	1166 	0 x 00 00 00 00 	1167 	0 x 00 00 00 00 	
1168 	0 x 00 00 00 00 	1169 	0 x 00 00 00 00 	1170 	0 x 00 00 00 00 	1171 	0 x 00 00 00 00 	
1172 	0 x 00 00 00 00 	1173 	0 x 00 00 00 00 	1174 	0 x 00 00 00 00 	1175 	0 x 00 00 00 00 	
1176 	0 x 00 00 00 00 	1177 	0 x 00 00 00 00 	1178 	0 x 00 00 00 00 	1179 	0 x 00 00 00 00 	
1180 	0 x 00 00 00 00 	1181 	0 x 00 00 00 00 	1182 	0 x 00 00 00 00 	1183 	0 x 00 00 00 00 	
1184 	0 x 00 00 00 00 	1185 	0 x 00 00 00 00 	1186 	0 x 00 00 00 00 	1187 	0 x 00 00 00 00 	
1188 	0 x 00 00 00 00 	1189 	0 x 00 00 00 00 	1190 	0 x 00 00 00 00 	1191 	0 x 00 00 00 00 	
1192 	0 x 00 00 00 00 	1193 	0 x 00 00 00 00 	1194 	0 x 00 00 00 00 	1195 	0 x 00 00 00 00 	
1196 	0 x 00 00 00 00 	1197 	0 x 00 00 00 00 	1198 	0 x 00 00 00 00 	1199 	0 x 00 00 00 00 	
1200 	0 x 00 00 00 00 	1201 	0 x 00 00 00 00 	1202 	0 x 00 00 00 00 	1203 	0 x 00 00 00 00 	
1204 	0 x 00 00 00 00 	1205 	0 x 00 00 00 00 	1206 	0 x 00 00 00 00 	1207 	0 x 00 00 00 00 	
1208 	0 x 00 00 00 00 	1209 	0 x 00 00 00 00 	1210 	0 x 00 00 00 00 	1211 	0 x 00 00 00 00 	
1212 	0 x 00 00 00 00 	1213 	0 x 00 00 00 00 	1214 	0 x 00 00 00 00 	1215 	0 x 00 00 00 00 	
1216 	0 x 00 00 00 00 	1217 	0 x 00 00 00 00 	1218 	0 x 00 00 00 00 	1219 	0 x 00 00 00 00 	
1220 	0 x 00 00 00 00 	1221 	0 x 00 00 00 00 	1222 	0 x 00 00 00 00 	1223 	0 x 00 00 00 00 	
1224 	0 x 00 00 00 00 	1225 	0 x 00 00 00 00 	1226 	0 x 00 00 00 00 	1227 	0 x 00 00 00 00 	
1228 	0 x 00 00 00 00 	1229 	0 x 00 00 00 00 	1230 	0 x 00 00 00 00 	1231 	0 x 00 00 00 00 	
1232 	0 x 00 00 00 00 	1233 	0 x 00 00 00 00 	1234 	0 x 00 00 00 00 	1235 	0 x 00 00 00 00 	
1236 	0 x 00 00 00 00 	1237 	0 x 00 00 00 00 	1238 	0 x 00 00 00 00 	1239 	0 x 00 00 00 00 	
1240 	0 x 00 00 00 00 	1241 	0 x 00 00 00 00 	1242 	0 x 00 00 00 00 	1243 	0 x 00 00 00 00 	
1244 	0 x 00 00 00 00 	1245 	0 x 00 00 00 00 	1246 	0 x 00 00 00 00 	1247 	0 x 00 00 00 00 	
1248 	0 x 00 00 00 00 	1249 	0 x 00 00 00 00 	1250 	0 x 00 00 00 00 	1251 	0 x 00 00 00 00 	
1252 	0 x 00 00 00 00 	1253 	0 x 00 00 00 00 	1254 	0 x 00 00 00 00 	1255 	0 x 00 00 00 00 	
1256 	0 x 00 00 00 00 	1257 	0 x 00 00 00 00 	1258 	0 x 00 00 00 00 	1259 	0 x 00 00 00 00 	
1260 	0 x 00 00 00 00 	1261 	0 x 00 00 00 00 	1262 	0 x 00 00 00 00 	1263 	0 x 00 00 00 00 	
1264 	0 x 00 00 00 00 	1265 	0 x 00 00 00 00 	1266 	0 x 00 00 00 00 	1267 	0 x 00 00 00 00 	
1268 	0 x 00 00 00 00 	1269 	0 x 00 00 00 00 	1270 	0 x 00 00 00 00 	1271 	0 x 00 00 00 00 	
1272 	0 x 00 00 00 00 	1273 	0 x 00 00 00 00 	1274 	0 x 00 00 00 00 	1275 	0 x 00 00 00 00 	
1276 	0 x 00 00 00 00 	1277 	0 x 00 00 00 00 	1278 	0 x 00 00 00 00 	1279 	0 x 00 00 00 00 	
1280 	0 x 00 00 00 00 	1281 	0 x 00 00 00 00 	1282 	0 x 00 00 00 00 	1283 	0 x 00 00 00 00 	
1284 	0 x 00 00 00 00 	1285 	0 x 00 00 00 00 	1286 	0 x 00 00 00 00 	1287 	0 x 00 00 00 00 	
1288 	0 x 00 00 00 00 	1289 	0 x 00 00 00 00 	1290 	0 x 00 00 00 00 	1291 	0 x 00 00 00 00 	
1292 	0 x 00 00 00 00 	1293 	0 x 00 00 00 00 	1294 	0 x 00 00 00 00 	1295 	0 x 00 00 00 00 	
1296 	0 x 00 00 00 00 	1297 	0 x 00 00 00 00 	1298 	0 x 00 00 00 00 	1299 	0 x 00 00 00 00 	
1300 	0 x 00 00 00 00 	1301 	0 x 00 00 00 00 	1302 	0 x 00 00 00 00 	1303 	0 x 00 00 00 00 	
1304 	0 x 00 00 00 00 	1305 	0 x 00 00 00 00 	1306 	0 x 00 00 00 00 	1307 	0 x 00 00 00 00 	
1308 	0 x 00 00 00 00 	1309 	0 x 00 00 00 00 	1310 	0 x 00 00 00 00 	1311 	0 x 00 00 00 00 	
1312 	0 x 00 00 00 00 	1313 	0 x 00 00 00 00 	1314 	0 x 00 00 00 00 	1315 	0 x 00 00 00 00 	
1316 	0 x 00 00 00 00 	1317 	0 x 00 00 00 00 	1318 	0 x 00 00 00 00 	1319 	0 x 00 00 00 00 	
1320 	0 x 00 00 00 00 	1321 	0 x 00 00 00 00 	1322 	0 x 00 00 00 00 	1323 	0 x 00 00 00 00 	
1324 	0 x 00 00 00 00 	1325 	0 x 00 00 00 00 	1326 	0 x 00 00 00 00 	1327 	0 x 00 00 00 00 	
1328 	0 x 00 00 00 00 	1329 	0 x 00 00 00 00 	1330 	0 x 00 00 00 00 	1331 	0 x 00 00 00 00 	
1332 	0 x 00 00 00 00 	1333 	0 x 00 00 00 00 	1334 	0 x 00 00 00 00 	1335 	0 x 00 00 00 00 	
1336 	0 x 00 00 00 00 	1337 	0 x 00 00 00 00 	1338 	0 x 00 00 00 00 	1339 	0 x 00 00 00 00 	
1340 	0 x 00 00 00 00 	1341 	0 x 00 00 00 00 	1342 	0 x 00 00 00 00 	1343 	0 x 00 00 00 00 	
1344 	0 x 00 00 00 00 	1345 	0 x 00 00 00 00 	1346 	0 x 00 00 00 00 	1347 	0 x 00 00 00 00 	
1348 	0 x 00 00 00 00 	1349 	0 x 00 00 00 00 	1350 	0 x 00 00 00 00 	1351 	0 x 00 00 00 00 	
1352 	0 x 00 00 00 00 	1353 	0 x 00 00 00 00 	1354 	0 x 00 00 00 00 	1355 	0 x 00 00 00 00 	
1356 	0 x 00 00 00 00 	1357 	0 x 00 00 00 00 	1358 	0 x 00 00 00 00 	1359 	0 x 00 00 00 00 	
1360 	0 x 00 00 00 00 	1361 	0 x 00 00 00 00 	1362 	0 x 00 00 00 00 	1363 	0 x 00 00 00 00 	
1364 	0 x 00 00 00 00 	1365 	0 x 00 00 00 00 	1366 	0 x 00 00 00 00 	1367 	0 x 00 00 00 00 	
1368 	0 x 00 00 00 00 	1369 	0 x 00 00 00 00 	1370 	0 x 00 00 00 00 	1371 	0 x 00 00 00 00 	
1372 	0 x 00 00 00 00 	1373 	0 x 00 00 00 00 	1374 	0 x 00 00 00 00 	1375 	0 x 00 00 00 00 	
1376 	0 x 00 00 00 00 	1377 	0 x 00 00 00 00 	1378 	0 x 00 00 00 00 	1379 	0 x 00 00 00 00 	
1380 	0 x 00 00 00 00 	1381 	0 x 00 00 00 00 	1382 	0 x 00 00 00 00 	1383 	0 x 00 00 00 00 	
1384 	0 x 00 00 00 00 	1385 	0 x 00 00 00 00 	1386 	0 x 00 00 00 00 	1387 	0 x 00 00 00 00 	
1388 	0 x 00 00 00 00 	1389 	0 x 00 00 00 00 	1390 	0 x 00 00 00 00 	1391 	0 x 00 00 00 00 	
1392 	0 x 00 00 00 00 	1393 	0 x 00 00 00 00 	1394 	0 x 00 00 00 00 	1395 	0 x 00 00 00 00 	
1396 	0 x 00 00 00 00 	1397 	0 x 00 00 00 00 	1398 	0 x 00 00 00 00 	1399 	0 x 00 00 00 00 	
1400 	0 x 00 00 00 00 	1401 	0 x 00 00 00 00 	1402 	0 x 00 00 00 00 	1403 	0 x 00 00 00 00 	
1404 	0 x 00 00 00 00 	1405 	0 x 00 00 00 00 	1406 	0 x 00 00 00 00 	1407 	0 x 00 00 00 00 	
1408 	0 x 00 00 00 00 	1409 	0 x 00 00 00 00 	1410 	0 x 00 00 00 00 	1411 	0 x 00 00 00 00 	
1412 	0 x 00 00 00 00 	1413 	0 x 00 00 00 00 	1414 	0 x 00 00 00 00 	1415 	0 x 00 00 00 00 	
1416 	0 x 00 00 00 00 	1417 	0 x 00 00 00 00 	1418 	0 x 00 00 00 00 	1419 	0 x 00 00 00 00 	
1420 	0 x 00 00 00 00 	1421 	0 x 00 00 00 00 	1422 	0 x 00 00 00 00 	1423 	0 x 00 00 00 00 	
1424 	0 x 00 00 00 00 	1425 	0 x 00 00 00 00 	1426 	0 x 00 00 00 00 	1427 	0 x 00 00 00 00 	
1428 	0 x 00 00 00 00 	1429 	0 x 00 00 00 00 	1430 	0 x 00 00 00 00 	1431 	0 x 00 00 00 00 	
1432 	0 x 00 00 00 00 	1433 	0 x 00 00 00 00 	1434 	0 x 00 00 00 00 	1435 	0 x 00 00 00 00 	
1436 	0 x 00 00 00 00 	1437 	0 x 00 00 00 00 	1438 	0 x 00 00 00 00 	1439 	0 x 00 00 00 00 	
1440 	0 x 00 00 00 00 	1441 	0 x 00 00 00 00 	1442 	0 x 00 00 00 00 	1443 	0 x 00 00 00 00 	
1444 	0 x 00 00 00 00 	1445 	0 x 00 00 00 00 	1446 	0 x 00 00 00 00 	1447 	0 x 00 00 00 00 	
1448 	0 x 00 00 00 00 	1449 	0 x 00 00 00 00 	1450 	0 x 00 00 00 00 	1451 	0 x 00 00 00 00 	
1452 	0 x 00 00 00 00 	1453 	0 x 00 00 00 00 	1454 	0 x 00 00 00 00 	1455 	0 x 00 00 00 00 	
1456 	0 x 00 00 00 00 	1457 	0 x 00 00 00 00 	1458 	0 x 00 00 00 00 	1459 	0 x 00 00 00 00 	
1460 	0 x 00 00 00 00 	1461 	0 x 00 00 00 00 	1462 	0 x 00 00 00 00 	1463 	0 x 00 00 00 00 	
1464 	0 x 00 00 00 00 	1465 	0 x 00 00 00 00 	1466 	0 x 00 00 00 00 	1467 	0 x 00 00 00 00 	
1468 	0 x 00 00 00 00 	1469 	0 x 00 00 00 00 	1470 	0 x 00 00 00 00 	1471 	0 x 00 00 00 00 	
1472 	0 x 00 00 00 00 	1473 	0 x 00 00 00 00 	1474 	0 x 00 00 00 00 	1475 	0 x 00 00 00 00 	
1476 	0 x 00 00 00 00 	1477 	0 x 00 00 00 00 	1478 	0 x 00 00 00 00 	1479 	0 x 00 00 00 00 	
1480 	0 x 00 00 00 00 	1481 	0 x 00 00 00 00 	1482 	0 x 00 00 00 00 	1483 	0 x 00 00 00 00 	
1484 	0 x 00 00 00 00 	1485 	0 x 00 00 00 00 	1486 	0 x 00 00 00 00 	1487 	0 x 00 00 00 00 	
1488 	0 x 00 00 00 00 	1489 	0 x 00 00 00 00 	1490 	0 x 00 00 00 00 	1491 	0 x 00 00 00 00 	
1492 	0 x 00 00 00 00 	1493 	0 x 00 00 00 00 	1494 	0 x 00 00 00 00 	1495 	0 x 00 00 00 00 	
1496 	0 x 00 00 00 00 	1497 	0 x 00 00 00 00 	1498 	0 x 00 00 00 00 	1499 	0 x 00 00 00 00 	
1500 	0 x 00 00 00 00 	1501 	0 x 00 00 00 00 	1502 	0 x 00 00 00 00 	1503 	0 x 00 00 00 00 	
1504 	0 x 00 00 00 00 	1505 	0 x 00 00 00 00 	1506 	0 x 00 00 00 00 	1507 	0 x 00 00 00 00 	
1508 	0 x 00 00 00 00 	1509 	0 x 00 00 00 00 	1510 	0 x 00 00 00 00 	1511 	0 x 00 00 00 00 	
1512 	0 x 00 00 00 00 	1513 	0 x 00 00 00 00 	1514 	0 x 00 00 00 00 	1515 	0 x 00 00 00 00 	
1516 	0 x 00 00 00 00 	1517 	0 x 00 00 00 00 	1518 	0 x 00 00 00 00 	1519 	0 x 00 00 00 00 	
1520 	0 x 00 00 00 00 	1521 	0 x 00 00 00 00 	1522 	0 x 00 00 00 00 	1523 	0 x 00 00 00 00 	
1524 	0 x 00 00 00 00 	1525 	0 x 00 00 00 00 	1526 	0 x 00 00 00 00 	1527 	0 x 00 00 00 00 	
1528 	0 x 00 00 00 00 	1529 	0 x 00 00 00 00 	1530 	0 x 00 00 00 00 	1531 	0 x 00 00 00 00 	
1532 	0 x 00 00 00 00 	1533 	0 x 00 00 00 00 	1534 	0 x 00 00 00 00 	1535 	0 x 00 00 00 00 	
1536 	0 x 00 00 00 00 	1537 	0 x 00 00 00 00 	1538 	0 x 00 00 00 00 	1539 	0 x 00 00 00 00 	
1540 	0 x 00 00 00 00 	1541 	0 x 00 00 00 00 	1542 	0 x 00 00 00 00 	1543 	0 x 00 00 00 00 	
1544 	0 x 00 00 00 00 	1545 	0 x 00 00 00 00 	1546 	0 x 00 00 00 00 	1547 	0 x 00 00 00 00 	
1548 	0 x 00 00 00 00 	1549 	0 x 00 00 00 00 	1550 	0 x 00 00 00 00 	1551 	0 x 00 00 00 00 	
1552 	0 x 00 00 00 00 	1553 	0 x 00 00 00 00 	1554 	0 x 00 00 00 00 	1555 	0 x 00 00 00 00 	
1556 	0 x 00 00 00 00 	1557 	0 x 00 00 00 00 	1558 	0 x 00 00 00 00 	1559 	0 x 00 00 00 00 	
1560 	0 x 00 00 00 00 	1561 	0 x 00 00 00 00 	1562 	0 x 00 00 00 00 	1563 	0 x 00 00 00 00 	
1564 	0 x 00 00 00 00 	1565 	0 x 00 00 00 00 	1566 	0 x 00 00 00 00 	1567 	0 x 00 00 00 00 	
1568 	0 x 00 00 00 00 	1569 	0 x 00 00 00 00 	1570 	0 x 00 00 00 00 	1571 	0 x 00 00 00 00 	
1572 	0 x 00 00 00 00 	1573 	0 x 00 00 00 00 	1574 	0 x 00 00 00 00 	1575 	0 x 00 00 00 00 	
1576 	0 x 00 00 00 00 	1577 	0 x 00 00 00 00 	1578 	0 x 00 00 00 00 	1579 	0 x 00 00 00 00 	
1580 	0 x 00 00 00 00 	1581 	0 x 00 00 00 00 	1582 	0 x 00 00 00 00 	1583 	0 x 00 00 00 00 	
1584 	0 x 00 00 00 00 	1585 	0 x 00 00 00 00 	1586 	0 x 00 00 00 00 	1587 	0 x 00 00 00 00 	
1588 	0 x 00 00 00 00 	1589 	0 x 00 00 00 00 	1590 	0 x 00 00 00 00 	1591 	0 x 00 00 00 00 	
1592 	0 x 00 00 00 00 	1593 	0 x 00 00 00 00 	1594 	0 x 00 00 00 00 	1595 	0 x 00 00 00 00 	
1596 	0 x 00 00 00 00 	1597 	0 x 00 00 00 00 	1598 	0 x 00 00 00 00 	1599 	0 x 00 00 00 00 	
1600 	0 x 00 00 00 00 	1601 	0 x 00 00 00 00 	1602 	0 x 00 00 00 00 	1603 	0 x 00 00 00 00 	
1604 	0 x 00 00 00 00 	1605 	0 x 00 00 00 00 	1606 	0 x 00 00 00 00 	1607 	0 x 00 00 00 00 	
1608 	0 x 00 00 00 00 	1609 	0 x 00 00 00 00 	1610 	0 x 00 00 00 00 	1611 	0 x 00 00 00 00 	
1612 	0 x 00 00 00 00 	1613 	0 x 00 00 00 00 	1614 	0 x 00 00 00 00 	1615 	0 x 00 00 00 00 	
1616 	0 x 00 00 00 00 	1617 	0 x 00 00 00 00 	1618 	0 x 00 00 00 00 	1619 	0 x 00 00 00 00 	
1620 	0 x 00 00 00 00 	1621 	0 x 00 00 00 00 	1622 	0 x 00 00 00 00 	1623 	0 x 00 00 00 00 	
1624 	0 x 00 00 00 00 	1625 	0 x 00 00 00 00 	1626 	0 x 00 00 00 00 	1627 	0 x 00 00 00 00 	
1628 	0 x 00 00 00 00 	1629 	0 x 00 00 00 00 	1630 	0 x 00 00 00 00 	1631 	0 x 00 00 00 00 	
1632 	0 x 00 00 00 00 	1633 	0 x 00 00 00 00 	1634 	0 x 00 00 00 00 	1635 	0 x 00 00 00 00 	
1636 	0 x 00 00 00 00 	1637 	0 x 00 00 00 00 	1638 	0 x 00 00 00 00 	1639 	0 x 00 00 00 00 	
1640 	0 x 00 00 00 00 	1641 	0 x 00 00 00 00 	1642 	0 x 00 00 00 00 	1643 	0 x 00 00 00 00 	
1644 	0 x 00 00 00 00 	1645 	0 x 00 00 00 00 	1646 	0 x 00 00 00 00 	1647 	0 x 00 00 00 00 	
1648 	0 x 00 00 00 00 	1649 	0 x 00 00 00 00 	1650 	0 x 00 00 00 00 	1651 	0 x 00 00 00 00 	
1652 	0 x 00 00 00 00 	1653 	0 x 00 00 00 00 	1654 	0 x 00 00 00 00 	1655 	0 x 00 00 00 00 	
1656 	0 x 00 00 00 00 	1657 	0 x 00 00 00 00 	1658 	0 x 00 00 00 00 	1659 	0 x 00 00 00 00 	
1660 	0 x 00 00 00 00 	1661 	0 x 00 00 00 00 	1662 	0 x 00 00 00 00 	1663 	0 x 00 00 00 00 	
1664 	0 x 00 00 00 00 	1665 	0 x 00 00 00 00 	1666 	0 x 00 00 00 00 	1667 	0 x 00 00 00 00 	
1668 	0 x 00 00 00 00 	1669 	0 x 00 00 00 00 	1670 	0 x 00 00 00 00 	1671 	0 x 00 00 00 00 	
1672 	0 x 00 00 00 00 	1673 	0 x 00 00 00 00 	1674 	0 x 00 00 00 00 	1675 	0 x 00 00 00 00 	
1676 	0 x 00 00 00 00 	1677 	0 x 00 00 00 00 	1678 	0 x 00 00 00 00 	1679 	0 x 00 00 00 00 	
1680 	0 x 00 00 00 00 	1681 	0 x 00 00 00 00 	1682 	0 x 00 00 00 00 	1683 	0 x 00 00 00 00 	
1684 	0 x 00 00 00 00 	1685 	0 x 00 00 00 00 	1686 	0 x 00 00 00 00 	1687 	0 x 00 00 00 00 	
1688 	0 x 00 00 00 00 	1689 	0 x 00 00 00 00 	1690 	0 x 00 00 00 00 	1691 	0 x 00 00 00 00 	
1692 	0 x 00 00 00 00 	1693 	0 x 00 00 00 00 	1694 	0 x 00 00 00 00 	1695 	0 x 00 00 00 00 	
1696 	0 x 00 00 00 00 	1697 	0 x 00 00 00 00 	1698 	0 x 00 00 00 00 	1699 	0 x 00 00 00 00 	
1700 	0 x 00 00 00 00 	1701 	0 x 00 00 00 00 	1702 	0 x 00 00 00 00 	1703 	0 x 00 00 00 00 	
1704 	0 x 00 00 00 00 	1705 	0 x 00 00 00 00 	1706 	0 x 00 00 00 00 	1707 	0 x 00 00 00 00 	
1708 	0 x 00 00 00 00 	1709 	0 x 00 00 00 00 	1710 	0 x 00 00 00 00 	1711 	0 x 00 00 00 00 	
1712 	0 x 00 00 00 00 	1713 	0 x 00 00 00 00 	1714 	0 x 00 00 00 00 	1715 	0 x 00 00 00 00 	
1716 	0 x 00 00 00 00 	1717 	0 x 00 00 00 00 	1718 	0 x 00 00 00 00 	1719 	0 x 00 00 00 00 	
1720 	0 x 00 00 00 00 	1721 	0 x 00 00 00 00 	1722 	0 x 00 00 00 00 	1723 	0 x 00 00 00 00 	
1724 	0 x 00 00 00 00 	1725 	0 x 00 00 00 00 	1726 	0 x 00 00 00 00 	1727 	0 x 00 00 00 00 	
1728 	0 x 00 00 00 00 	1729 	0 x 00 00 00 00 	1730 	0 x 00 00 00 00 	1731 	0 x 00 00 00 00 	
1732 	0 x 00 00 00 00 	1733 	0 x 00 00 00 00 	1734 	0 x 00 00 00 00 	1735 	0 x 00 00 00 00 	
1736 	0 x 00 00 00 00 	1737 	0 x 00 00 00 00 	1738 	0 x 00 00 00 00 	1739 	0 x 00 00 00 00 	
1740 	0 x 00 00 00 00 	1741 	0 x 00 00 00 00 	1742 	0 x 00 00 00 00 	1743 	0 x 00 00 00 00 	
1744 	0 x 00 00 00 00 	1745 	0 x 00 00 00 00 	1746 	0 x 00 00 00 00 	1747 	0 x 00 00 00 00 	
1748 	0 x 00 00 00 00 	1749 	0 x 00 00 00 00 	1750 	0 x 00 00 00 00 	1751 	0 x 00 00 00 00 	
1752 	0 x 00 00 00 00 	1753 	0 x 00 00 00 00 	1754 	0 x 00 00 00 00 	1755 	0 x 00 00 00 00 	
1756 	0 x 00 00 00 00 	1757 	0 x 00 00 00 00 	1758 	0 x 00 00 00 00 	1759 	0 x 00 00 00 00 	
1760 	0 x 00 00 00 00 	1761 	0 x 00 00 00 00 	1762 	0 x 00 00 00 00 	1763 	0 x 00 00 00 00 	
1764 	0 x 00 00 00 00 	1765 	0 x 00 00 00 00 	1766 	0 x 00 00 00 00 	1767 	0 x 00 00 00 00 	
1768 	0 x 00 00 00 00 	1769 	0 x 00 00 00 00 	1770 	0 x 00 00 00 00 	1771 	0 x 00 00 00 00 	
1772 	0 x 00 00 00 00 	1773 	0 x 00 00 00 00 	1774 	0 x 00 00 00 00 	1775 	0 x 00 00 00 00 	
1776 	0 x 00 00 00 00 	1777 	0 x 00 00 00 00 	1778 	0 x 00 00 00 00 	1779 	0 x 00 00 00 00 	
1780 	0 x 00 00 00 00 	1781 	0 x 00 00 00 00 	1782 	0 x 00 00 00 00 	1783 	0 x 00 00 00 00 	
1784 	0 x 00 00 00 00 	1785 	0 x 00 00 00 00 	1786 	0 x 00 00 00 00 	1787 	0 x 00 00 00 00 	
1788 	0 x 00 00 00 00 	1789 	0 x 00 00 00 00 	1790 	0 x 00 00 00 00 	1791 	0 x 00 00 00 00 	
1792 	0 x 00 00 00 00 	1793 	0 x 00 00 00 00 	1794 	0 x 00 00 00 00 	1795 	0 x 00 00 00 00 	
1796 	0 x 00 00 00 00 	1797 	0 x 00 00 00 00 	1798 	0 x 00 00 00 00 	1799 	0 x 00 00 00 00 	
1800 	0 x 00 00 00 00 	1801 	0 x 00 00 00 00 	1802 	0 x 00 00 00 00 	1803 	0 x 00 00 00 00 	
1804 	0 x 00 00 00 00 	1805 	0 x 00 00 00 00 	1806 	0 x 00 00 00 00 	1807 	0 x 00 00 00 00 	
1808 	0 x 00 00 00 00 	1809 	0 x 00 00 00 00 	1810 	0 x 00 00 00 00 	1811 	0 x 00 00 00 00 	
1812 	0 x 00 00 00 00 	1813 	0 x 00 00 00 00 	1814 	0 x 00 00 00 00 	1815 	0 x 00 00 00 00 	
1816 	0 x 00 00 00 00 	1817 	0 x 00 00 00 00 	1818 	0 x 00 00 00 00 	1819 	0 x 00 00 00 00 	
1820 	0 x 00 00 00 00 	1821 	0 x 00 00 00 00 	1822 	0 x 00 00 00 00 	1823 	0 x 00 00 00 00 	
1824 	0 x 00 00 00 00 	1825 	0 x 00 00 00 00 	1826 	0 x 00 00 00 00 	1827 	0 x 00 00 00 00 	
1828 	0 x 00 00 00 00 	1829 	0 x 00 00 00 00 	1830 	0 x 00 00 00 00 	1831 	0 x 00 00 00 00 	
1832 	0 x 00 00 00 00 	1833 	0 x 00 00 00 00 	1834 	0 x 00 00 00 00 	1835 	0 x 00 00 00 00 	
1836 	0 x 00 00 00 00 	1837 	0 x 00 00 00 00 	1838 	0 x 00 00 00 00 	1839 	0 x 00 00 00 00 	
1840 	0 x 00 00 00 00 	1841 	0 x 00 00 00 00 	1842 	0 x 00 00 00 00 	1843 	0 x 00 00 00 00 	
1844 	0 x 00 00 00 00 	1845 	0 x 00 00 00 00 	1846 	0 x 00 00 00 00 	1847 	0 x 00 00 00 00 	
1848 	0 x 00 00 00 00 	1849 	0 x 00 00 00 00 	1850 	0 x 00 00 00 00 	1851 	0 x 00 00 00 00 	
1852 	0 x 00 00 00 00 	1853 	0 x 00 00 00 00 	1854 	0 x 00 00 00 00 	1855 	0 x 00 00 00 00 	
1856 	0 x 00 00 00 00 	1857 	0 x 00 00 00 00 	1858 	0 x 00 00 00 00 	1859 	0 x 00 00 00 00 	
1860 	0 x 00 00 00 00 	1861 	0 x 00 00 00 00 	1862 	0 x 00 00 00 00 	1863 	0 x 00 00 00 00 	
1864 	0 x 00 00 00 00 	1865 	0 x 00 00 00 00 	1866 	0 x 00 00 00 00 	1867 	0 x 00 00 00 00 	
1868 	0 x 00 00 00 00 	1869 	0 x 00 00 00 00 	1870 	0 x 00 00 00 00 	1871 	0 x 00 00 00 00 	
1872 	0 x 00 00 00 00 	1873 	0 x 00 00 00 00 	1874 	0 x 00 00 00 00 	1875 	0 x 00 00 00 00 	
1876 	0 x 00 00 00 00 	1877 	0 x 00 00 00 00 	1878 	0 x 00 00 00 00 	1879 	0 x 00 00 00 00 	
1880 	0 x 00 00 00 00 	1881 	0 x 00 00 00 00 	1882 	0 x 00 00 00 00 	1883 	0 x 00 00 00 00 	
1884 	0 x 00 00 00 00 	1885 	0 x 00 00 00 00 	1886 	0 x 00 00 00 00 	1887 	0 x 00 00 00 00 	
1888 	0 x 00 00 00 00 	1889 	0 x 00 00 00 00 	1890 	0 x 00 00 00 00 	1891 	0 x 00 00 00 00 	
1892 	0 x 00 00 00 00 	1893 	0 x 00 00 00 00 	1894 	0 x 00 00 00 00 	1895 	0 x 00 00 00 00 	
1896 	0 x 00 00 00 00 	1897 	0 x 00 00 00 00 	1898 	0 x 00 00 00 00 	1899 	0 x 00 00 00 00 	
1900 	0 x 00 00 00 00 	1901 	0 x 00 00 00 00 	1902 	0 x 00 00 00 00 	1903 	0 x 00 00 00 00 	
1904 	0 x 00 00 00 00 	1905 	0 x 00 00 00 00 	1906 	0 x 00 00 00 00 	1907 	0 x 00 00 00 00 	
1908 	0 x 00 00 00 00 	1909 	0 x 00 00 00 00 	1910 	0 x 00 00 00 00 	1911 	0 x 00 00 00 00 	
1912 	0 x 00 00 00 00 	1913 	0 x 00 00 00 00 	1914 	0 x 00 00 00 00 	1915 	0 x 00 00 00 00 	
1916 	0 x 00 00 00 00 	1917 	0 x 00 00 00 00 	1918 	0 x 00 00 00 00 	1919 	0 x 00 00 00 00 	
1920 	0 x 00 00 00 00 	1921 	0 x 00 00 00 00 	1922 	0 x 00 00 00 00 	1923 	0 x 00 00 00 00 	
1924 	0 x 00 00 00 00 	1925 	0 x 00 00 00 00 	1926 	0 x 00 00 00 00 	1927 	0 x 00 00 00 00 	
1928 	0 x 00 00 00 00 	1929 	0 x 00 00 00 00 	1930 	0 x 00 00 00 00 	1931 	0 x 00 00 00 00 	
1932 	0 x 00 00 00 00 	1933 	0 x 00 00 00 00 	1934 	0 x 00 00 00 00 	1935 	0 x 00 00 00 00 	
1936 	0 x 00 00 00 00 	1937 	0 x 00 00 00 00 	1938 	0 x 00 00 00 00 	1939 	0 x 00 00 00 00 	
1940 	0 x 00 00 00 00 	1941 	0 x 00 00 00 00 	1942 	0 x 00 00 00 00 	1943 	0 x 00 00 00 00 	
1944 	0 x 00 00 00 00 	1945 	0 x 00 00 00 00 	1946 	0 x 00 00 00 00 	1947 	0 x 00 00 00 00 	
1948 	0 x 00 00 00 00 	1949 	0 x 00 00 00 00 	1950 	0 x 00 00 00 00 	1951 	0 x 00 00 00 00 	
1952 	0 x 00 00 00 00 	1953 	0 x 00 00 00 00 	1954 	0 x 00 00 00 00 	1955 	0 x 00 00 00 00 	
1956 	0 x 00 00 00 00 	1957 	0 x 00 00 00 00 	1958 	0 x 00 00 00 00 	1959 	0 x 00 00 00 00 	
1960 	0 x 00 00 00 00 	1961 	0 x 00 00 00 00 	1962 	0 x 00 00 00 00 	1963 	0 x 00 00 00 00 	
1964 	0 x 00 00 00 00 	1965 	0 x 00 00 00 00 	1966 	0 x 00 00 00 00 	1967 	0 x 00 00 00 00 	
1968 	0 x 00 00 00 00 	1969 	0 x 00 00 00 00 	1970 	0 x 00 00 00 00 	1971 	0 x 00 00 00 00 	
1972 	0 x 00 00 00 00 	1973 	0 x 00 00 00 00 	1974 	0 x 00 00 00 00 	1975 	0 x 00 00 00 00 	
1976 	0 x 00 00 00 00 	1977 	0 x 00 00 00 00 	1978 	0 x 00 00 00 00 	1979 	0 x 00 00 00 00 	
1980 	0 x 00 00 00 00 	1981 	0 x 00 00 00 00 	1982 	0 x 00 00 00 00 	1983 	0 x 00 00 00 00 	
1984 	0 x 00 00 00 00 	1985 	0 x 00 00 00 00 	1986 	0 x 00 00 00 00 	1987 	0 x 00 00 00 00 	
1988 	0 x 00 00 00 00 	1989 	0 x 00 00 00 00 	1990 	0 x 00 00 00 00 	1991 	0 x 00 00 00 00 	
1992 	0 x 00 00 00 00 	1993 	0 x 00 00 00 00 	1994 	0 x 00 00 00 00 	1995 	0 x 00 00 00 00 	
1996 	0 x 00 00 00 00 	1997 	0 x 00 00 00 00 	1998 	0 x 00 00 00 00 	1999 	0 x 00 00 00 00 	
2000 	0 x 00 00 00 00 	2001 	0 x 00 00 00 00 	2002 	0 x 00 00 00 00 	2003 	0 x 00 00 00 00 	
2004 	0 x 00 00 00 00 	2005 	0 x 00 00 00 00 	2006 	0 x 00 00 00 00 	2007 	0 x 00 00 00 00 	
2008 	0 x 00 00 00 00 	2009 	0 x 00 00 00 00 	2010 	0 x 00 00 00 00 	2011 	0 x 00 00 00 00 	
2012 	0 x 00 00 00 00 	2013 	0 x 00 00 00 00 	2014 	0 x 00 00 00 00 	2015 	0 x 00 00 00 00 	
2016 	0 x 00 00 00 00 	2017 	0 x 00 00 00 00 	2018 	0 x 00 00 00 00 	2019 	0 x 00 00 00 00 	
2020 	0 x 00 00 00 00 	2021 	0 x 00 00 00 00 	2022 	0 x 00 00 00 00 	2023 	0 x 00 00 00 00 	
2024 	0 x 00 00 00 00 	2025 	0 x 00 00 00 00 	2026 	0 x 00 00 00 00 	2027 	0 x 00 00 00 00 	
2028 	0 x 00 00 00 00 	2029 	0 x 00 00 00 00 	2030 	0 x 00 00 00 00 	2031 	0 x 00 00 00 00 	
2032 	0 x 00 00 00 00 	2033 	0 x 00 00 00 00 	2034 	0 x 00 00 00 00 	2035 	0 x 00 00 00 00 	
2036 	0 x 00 00 00 00 	2037 	0 x 00 00 00 00 	2038 	0 x 00 00 00 00 	2039 	0 x 00 00 00 00 	
2040 	0 x 00 00 00 00 	2041 	0 x 00 00 00 00 	2042 	0 x 00 00 00 00 	2043 	0 x 00 00 00 00 	
2044 	0 x 00 00 00 00 	2045 	0 x 00 00 00 00 	2046 	0 x 00 00 00 00 	2047 	0 x 00 00 00 00 	
2048 	0 x 00 00 00 00 	2049 	0 x 00 00 00 00 	2050 	0 x 00 00 00 00 	2051 	0 x 00 00 00 00 	
2052 	0 x 00 00 00 00 	2053 	0 x 00 00 00 00 	2054 	0 x 00 00 00 00 	2055 	0 x 00 00 00 00 	
2056 	0 x 00 00 00 00 	2057 	0 x 00 00 00 00 	2058 	0 x 00 00 00 00 	2059 	0 x 00 00 00 00 	
2060 	0 x 00 00 00 00 	2061 	0 x 00 00 00 00 	2062 	0 x 00 00 00 00 	2063 	0 x 00 00 00 00 	
2064 	0 x 00 00 00 00 	2065 	0 x 00 00 00 00 	2066 	0 x 00 00 00 00 	2067 	0 x 00 00 00 00 	
2068 	0 x 00 00 00 00 	2069 	0 x 00 00 00 00 	2070 	0 x 00 00 00 00 	2071 	0 x 00 00 00 00 	
2072 	0 x 00 00 00 00 	2073 	0 x 00 00 00 00 	2074 	0 x 00 00 00 00 	2075 	0 x 00 00 00 00 	
2076 	0 x 00 00 00 00 	2077 	0 x 00 00 00 00 	2078 	0 x 00 00 00 00 	2079 	0 x 00 00 00 00 	
2080 	0 x 00 00 00 00 	2081 	0 x 00 00 00 00 	2082 	0 x 00 00 00 00 	2083 	0 x 00 00 00 00 	
2084 	0 x 00 00 00 00 	2085 	0 x 00 00 00 00 	2086 	0 x 00 00 00 00 	2087 	0 x 00 00 00 00 	
2088 	0 x 00 00 00 00 	2089 	0 x 00 00 00 00 	2090 	0 x 00 00 00 00 	2091 	0 x 00 00 00 00 	
2092 	0 x 00 00 00 00 	2093 	0 x 00 00 00 00 	2094 	0 x 00 00 00 00 	2095 	0 x 00 00 00 00 	
2096 	0 x 00 00 00 00 	2097 	0 x 00 00 00 00 	2098 	0 x 00 00 00 00 	2099 	0 x 00 00 00 00 	
2100 	0 x 00 00 00 00 	2101 	0 x 00 00 00 00 	2102 	0 x 00 00 00 00 	2103 	0 x 00 00 00 00 	
2104 	0 x 00 00 00 00 	2105 	0 x 00 00 00 00 	2106 	0 x 00 00 00 00 	2107 	0 x 00 00 00 00 	
2108 	0 x 00 00 00 00 	2109 	0 x 00 00 00 00 	2110 	0 x 00 00 00 00 	2111 	0 x 00 00 00 00 	
2112 	0 x 00 00 00 00 	2113 	0 x 00 00 00 00 	2114 	0 x 00 00 00 00 	2115 	0 x 00 00 00 00 	
2116 	0 x 00 00 00 00 	2117 	0 x 00 00 00 00 	2118 	0 x 00 00 00 00 	2119 	0 x 00 00 00 00 	
2120 	0 x 00 00 00 00 	2121 	0 x 00 00 00 00 	2122 	0 x 00 00 00 00 	2123 	0 x 00 00 00 00 	
2124 	0 x 00 00 00 00 	2125 	0 x 00 00 00 00 	2126 	0 x 00 00 00 00 	2127 	0 x 00 00 00 00 	
2128 	0 x 00 00 00 00 	2129 	0 x 00 00 00 00 	2130 	0 x 00 00 00 00 	2131 	0 x 00 00 00 00 	
2132 	0 x 00 00 00 00 	2133 	0 x 00 00 00 00 	2134 	0 x 00 00 00 00 	2135 	0 x 00 00 00 00 	
2136 	0 x 00 00 00 00 	2137 	0 x 00 00 00 00 	2138 	0 x 00 00 00 00 	2139 	0 x 00 00 00 00 	
2140 	0 x 00 00 00 00 	2141 	0 x 00 00 00 00 	2142 	0 x 00 00 00 00 	2143 	0 x 00 00 00 00 	
2144 	0 x 00 00 00 00 	2145 	0 x 00 00 00 00 	2146 	0 x 00 00 00 00 	2147 	0 x 00 00 00 00 	
2148 	0 x 00 00 00 00 	2149 	0 x 00 00 00 00 	2150 	0 x 00 00 00 00 	2151 	0 x 00 00 00 00 	
2152 	0 x 00 00 00 00 	2153 	0 x 00 00 00 00 	2154 	0 x 00 00 00 00 	2155 	0 x 00 00 00 00 	
2156 	0 x 00 00 00 00 	2157 	0 x 00 00 00 00 	2158 	0 x 00 00 00 00 	2159 	0 x 00 00 00 00 	
2160 	0 x 00 00 00 00 	2161 	0 x 00 00 00 00 	2162 	0 x 00 00 00 00 	2163 	0 x 00 00 00 00 	
2164 	0 x 00 00 00 00 	2165 	0 x 00 00 00 00 	2166 	0 x 00 00 00 00 	2167 	0 x 00 00 00 00 	
2168 	0 x 00 00 00 00 	2169 	0 x 00 00 00 00 	2170 	0 x 00 00 00 00 	2171 	0 x 00 00 00 00 	
2172 	0 x 00 00 00 00 	2173 	0 x 00 00 00 00 	2174 	0 x 00 00 00 00 	2175 	0 x 00 00 00 00 	
2176 	0 x 00 00 00 00 	2177 	0 x 00 00 00 00 	2178 	0 x 00 00 00 00 	2179 	0 x 00 00 00 00 	
2180 	0 x 00 00 00 00 	2181 	0 x 00 00 00 00 	2182 	0 x 00 00 00 00 	2183 	0 x 00 00 00 00 	
2184 	0 x 00 00 00 00 	2185 	0 x 00 00 00 00 	2186 	0 x 00 00 00 00 	2187 	0 x 00 00 00 00 	
2188 	0 x 00 00 00 00 	2189 	0 x 00 00 00 00 	2190 	0 x 00 00 00 00 	2191 	0 x 00 00 00 00 	
2192 	0 x 00 00 00 00 	2193 	0 x 00 00 00 00 	2194 	0 x 00 00 00 00 	2195 	0 x 00 00 00 00 	
2196 	0 x 00 00 00 00 	2197 	0 x 00 00 00 00 	2198 	0 x 00 00 00 00 	2199 	0 x 00 00 00 00 	
2200 	0 x 00 00 00 00 	2201 	0 x 00 00 00 00 	2202 	0 x 00 00 00 00 	2203 	0 x 00 00 00 00 	
2204 	0 x 00 00 00 00 	2205 	0 x 00 00 00 00 	2206 	0 x 00 00 00 00 	2207 	0 x 00 00 00 00 	
2208 	0 x 00 00 00 00 	2209 	0 x 00 00 00 00 	2210 	0 x 00 00 00 00 	2211 	0 x 00 00 00 00 	
2212 	0 x 00 00 00 00 	2213 	0 x 00 00 00 00 	2214 	0 x 00 00 00 00 	2215 	0 x 00 00 00 00 	
2216 	0 x 00 00 00 00 	2217 	0 x 00 00 00 00 	2218 	0 x 00 00 00 00 	2219 	0 x 00 00 00 00 	
2220 	0 x 00 00 00 00 	2221 	0 x 00 00 00 00 	2222 	0 x 00 00 00 00 	2223 	0 x 00 00 00 00 	
2224 	0 x 00 00 00 00 	2225 	0 x 00 00 00 00 	2226 	0 x 00 00 00 00 	2227 	0 x 00 00 00 00 	
2228 	0 x 00 00 00 00 	2229 	0 x 00 00 00 00 	2230 	0 x 00 00 00 00 	2231 	0 x 00 00 00 00 	
2232 	0 x 00 00 00 00 	2233 	0 x 00 00 00 00 	2234 	0 x 00 00 00 00 	2235 	0 x 00 00 00 00 	
2236 	0 x 00 00 00 00 	2237 	0 x 00 00 00 00 	2238 	0 x 00 00 00 00 	2239 	0 x 00 00 00 00 	
2240 	0 x 00 00 00 00 	2241 	0 x 00 00 00 00 	2242 	0 x 00 00 00 00 	2243 	0 x 00 00 00 00 	
2244 	0 x 00 00 00 00 	2245 	0 x 00 00 00 00 	2246 	0 x 00 00 00 00 	2247 	0 x 00 00 00 00 	
2248 	0 x 00 00 00 00 	2249 	0 x 00 00 00 00 	2250 	0 x 00 00 00 00 	2251 	0 x 00 00 00 00 	
2252 	0 x 00 00 00 00 	2253 	0 x 00 00 00 00 	2254 	0 x 00 00 00 00 	2255 	0 x 00 00 00 00 	
2256 	0 x 00 00 00 00 	2257 	0 x 00 00 00 00 	2258 	0 x 00 00 00 00 	2259 	0 x 00 00 00 00 	
2260 	0 x 00 00 00 00 	2261 	0 x 00 00 00 00 	2262 	0 x 00 00 00 00 	2263 	0 x 00 00 00 00 	
2264 	0 x 00 00 00 00 	2265 	0 x 00 00 00 00 	2266 	0 x 00 00 00 00 	2267 	0 x 00 00 00 00 	
2268 	0 x 00 00 00 00 	2269 	0 x 00 00 00 00 	2270 	0 x 00 00 00 00 	2271 	0 x 00 00 00 00 	
2272 	0 x 00 00 00 00 	2273 	0 x 00 00 00 00 	2274 	0 x 00 00 00 00 	2275 	0 x 00 00 00 00 	
2276 	0 x 00 00 00 00 	2277 	0 x 00 00 00 00 	2278 	0 x 00 00 00 00 	2279 	0 x 00 00 00 00 	
2280 	0 x 00 00 00 00 	2281 	0 x 00 00 00 00 	2282 	0 x 00 00 00 00 	2283 	0 x 00 00 00 00 	
2284 	0 x 00 00 00 00 	2285 	0 x 00 00 00 00 	2286 	0 x 00 00 00 00 	2287 	0 x 00 00 00 00 	
2288 	0 x 00 00 00 00 	2289 	0 x 00 00 00 00 	2290 	0 x 00 00 00 00 	2291 	0 x 00 00 00 00 	
2292 	0 x 00 00 00 00 	2293 	0 x 00 00 00 00 	2294 	0 x 00 00 00 00 	2295 	0 x 00 00 00 00 	
2296 	0 x 00 00 00 00 	2297 	0 x 00 00 00 00 	2298 	0 x 00 00 00 00 	2299 	0 x 00 00 00 00 	
2300 	0 x 00 00 00 00 	2301 	0 x 00 00 00 00 	2302 	0 x 00 00 00 00 	2303 	0 x 00 00 00 00 	
2304 	0 x 00 00 00 00 	2305 	0 x 00 00 00 00 	2306 	0 x 00 00 00 00 	2307 	0 x 00 00 00 00 	
2308 	0 x 00 00 00 00 	2309 	0 x 00 00 00 00 	2310 	0 x 00 00 00 00 	2311 	0 x 00 00 00 00 	
2312 	0 x 00 00 00 00 	2313 	0 x 00 00 00 00 	2314 	0 x 00 00 00 00 	2315 	0 x 00 00 00 00 	
2316 	0 x 00 00 00 00 	2317 	0 x 00 00 00 00 	2318 	0 x 00 00 00 00 	2319 	0 x 00 00 00 00 	
2320 	0 x 00 00 00 00 	2321 	0 x 00 00 00 00 	2322 	0 x 00 00 00 00 	2323 	0 x 00 00 00 00 	
2324 	0 x 00 00 00 00 	2325 	0 x 00 00 00 00 	2326 	0 x 00 00 00 00 	2327 	0 x 00 00 00 00 	
2328 	0 x 00 00 00 00 	2329 	0 x 00 00 00 00 	2330 	0 x 00 00 00 00 	2331 	0 x 00 00 00 00 	
2332 	0 x 00 00 00 00 	2333 	0 x 00 00 00 00 	2334 	0 x 00 00 00 00 	2335 	0 x 00 00 00 00 	
2336 	0 x 00 00 00 00 	2337 	0 x 00 00 00 00 	2338 	0 x 00 00 00 00 	2339 	0 x 00 00 00 00 	
2340 	0 x 00 00 00 00 	2341 	0 x 00 00 00 00 	2342 	0 x 00 00 00 00 	2343 	0 x 00 00 00 00 	
2344 	0 x 00 00 00 00 	2345 	0 x 00 00 00 00 	2346 	0 x 00 00 00 00 	2347 	0 x 00 00 00 00 	
2348 	0 x 00 00 00 00 	2349 	0 x 00 00 00 00 	2350 	0 x 00 00 00 00 	2351 	0 x 00 00 00 00 	
2352 	0 x 00 00 00 00 	2353 	0 x 00 00 00 00 	2354 	0 x 00 00 00 00 	2355 	0 x 00 00 00 00 	
2356 	0 x 00 00 00 00 	2357 	0 x 00 00 00 00 	2358 	0 x 00 00 00 00 	2359 	0 x 00 00 00 00 	
2360 	0 x 00 00 00 00 	2361 	0 x 00 00 00 00 	2362 	0 x 00 00 00 00 	2363 	0 x 00 00 00 00 	
2364 	0 x 00 00 00 00 	2365 	0 x 00 00 00 00 	2366 	0 x 00 00 00 00 	2367 	0 x 00 00 00 00 	
2368 	0 x 00 00 00 00 	2369 	0 x 00 00 00 00 	2370 	0 x 00 00 00 00 	2371 	0 x 00 00 00 00 	
2372 	0 x 00 00 00 00 	2373 	0 x 00 00 00 00 	2374 	0 x 00 00 00 00 	2375 	0 x 00 00 00 00 	
2376 	0 x 00 00 00 00 	2377 	0 x 00 00 00 00 	2378 	0 x 00 00 00 00 	2379 	0 x 00 00 00 00 	
2380 	0 x 00 00 00 00 	2381 	0 x 00 00 00 00 	2382 	0 x 00 00 00 00 	2383 	0 x 00 00 00 00 	
2384 	0 x 00 00 00 00 	2385 	0 x 00 00 00 00 	2386 	0 x 00 00 00 00 	2387 	0 x 00 00 00 00 	
2388 	0 x 00 00 00 00 	2389 	0 x 00 00 00 00 	2390 	0 x 00 00 00 00 	2391 	0 x 00 00 00 00 	
2392 	0 x 00 00 00 00 	2393 	0 x 00 00 00 00 	2394 	0 x 00 00 00 00 	2395 	0 x 00 00 00 00 	
2396 	0 x 00 00 00 00 	2397 	0 x 00 00 00 00 	2398 	0 x 00 00 00 00 	2399 	0 x 00 00 00 00 	
2400 	0 x 00 00 00 00 	2401 	0 x 00 00 00 00 	2402 	0 x 00 00 00 00 	2403 	0 x 00 00 00 00 	
2404 	0 x 00 00 00 00 	2405 	0 x 00 00 00 00 	2406 	0 x 00 00 00 00 	2407 	0 x 00 00 00 00 	
2408 	0 x 00 00 00 00 	2409 	0 x 00 00 00 00 	2410 	0 x 00 00 00 00 	2411 	0 x 00 00 00 00 	
2412 	0 x 00 00 00 00 	2413 	0 x 00 00 00 00 	2414 	0 x 00 00 00 00 	2415 	0 x 00 00 00 00 	
2416 	0 x 00 00 00 00 	2417 	0 x 00 00 00 00 	2418 	0 x 00 00 00 00 	2419 	0 x 00 00 00 00 	
2420 	0 x 00 00 00 00 	2421 	0 x 00 00 00 00 	2422 	0 x 00 00 00 00 	2423 	0 x 00 00 00 00 	
2424 	0 x 00 00 00 00 	2425 	0 x 00 00 00 00 	2426 	0 x 00 00 00 00 	2427 	0 x 00 00 00 00 	
2428 	0 x 00 00 00 00 	2429 	0 x 00 00 00 00 	2430 	0 x 00 00 00 00 	2431 	0 x 00 00 00 00 	
2432 	0 x 00 00 00 00 	2433 	0 x 00 00 00 00 	2434 	0 x 00 00 00 00 	2435 	0 x 00 00 00 00 	
2436 	0 x 00 00 00 00 	2437 	0 x 00 00 00 00 	2438 	0 x 00 00 00 00 	2439 	0 x 00 00 00 00 	
2440 	0 x 00 00 00 00 	2441 	0 x 00 00 00 00 	2442 	0 x 00 00 00 00 	2443 	0 x 00 00 00 00 	
2444 	0 x 00 00 00 00 	2445 	0 x 00 00 00 00 	2446 	0 x 00 00 00 00 	2447 	0 x 00 00 00 00 	
2448 	0 x 00 00 00 00 	2449 	0 x 00 00 00 00 	2450 	0 x 00 00 00 00 	2451 	0 x 00 00 00 00 	
2452 	0 x 00 00 00 00 	2453 	0 x 00 00 00 00 	2454 	0 x 00 00 00 00 	2455 	0 x 00 00 00 00 	
2456 	0 x 00 00 00 00 	2457 	0 x 00 00 00 00 	2458 	0 x 00 00 00 00 	2459 	0 x 00 00 00 00 	
2460 	0 x 00 00 00 00 	2461 	0 x 00 00 00 00 	2462 	0 x 00 00 00 00 	2463 	0 x 00 00 00 00 	
2464 	0 x 00 00 00 00 	2465 	0 x 00 00 00 00 	2466 	0 x 00 00 00 00 	2467 	0 x 00 00 00 00 	
2468 	0 x 00 00 00 00 	2469 	0 x 00 00 00 00 	2470 	0 x 00 00 00 00 	2471 	0 x 00 00 00 00 	
2472 	0 x 00 00 00 00 	2473 	0 x 00 00 00 00 	2474 	0 x 00 00 00 00 	2475 	0 x 00 00 00 00 	
2476 	0 x 00 00 00 00 	2477 	0 x 00 00 00 00 	2478 	0 x 00 00 00 00 	2479 	0 x 00 00 00 00 	
2480 	0 x 00 00 00 00 	2481 	0 x 00 00 00 00 	2482 	0 x 00 00 00 00 	2483 	0 x 00 00 00 00 	
2484 	0 x 00 00 00 00 	2485 	0 x 00 00 00 00 	2486 	0 x 00 00 00 00 	2487 	0 x 00 00 00 00 	
2488 	0 x 00 00 00 00 	2489 	0 x 00 00 00 00 	2490 	0 x 00 00 00 00 	2491 	0 x 00 00 00 00 	
2492 	0 x 00 00 00 00 	2493 	0 x 00 00 00 00 	2494 	0 x 00 00 00 00 	2495 	0 x 00 00 00 00 	
2496 	0 x 00 00 00 00 	2497 	0 x 00 00 00 00 	2498 	0 x 00 00 00 00 	2499 	0 x 00 00 00 00 	
2500 	0 x 00 00 00 00 	2501 	0 x 00 00 00 00 	2502 	0 x 00 00 00 00 	2503 	0 x 00 00 00 00 	
2504 	0 x 00 00 00 00 	2505 	0 x 00 00 00 00 	2506 	0 x 00 00 00 00 	2507 	0 x 00 00 00 00 	
2508 	0 x 00 00 00 00 	2509 	0 x 00 00 00 00 	2510 	0 x 00 00 00 00 	2511 	0 x 00 00 00 00 	
2512 	0 x 00 00 00 00 	2513 	0 x 00 00 00 00 	2514 	0 x 00 00 00 00 	2515 	0 x 00 00 00 00 	
2516 	0 x 00 00 00 00 	2517 	0 x 00 00 00 00 	2518 	0 x 00 00 00 00 	2519 	0 x 00 00 00 00 	
2520 	0 x 00 00 00 00 	2521 	0 x 00 00 00 00 	2522 	0 x 00 00 00 00 	2523 	0 x 00 00 00 00 	
2524 	0 x 00 00 00 00 	2525 	0 x 00 00 00 00 	2526 	0 x 00 00 00 00 	2527 	0 x 00 00 00 00 	
2528 	0 x 00 00 00 00 	2529 	0 x 00 00 00 00 	2530 	0 x 00 00 00 00 	2531 	0 x 00 00 00 00 	
2532 	0 x 00 00 00 00 	2533 	0 x 00 00 00 00 	2534 	0 x 00 00 00 00 	2535 	0 x 00 00 00 00 	
2536 	0 x 00 00 00 00 	2537 	0 x 00 00 00 00 	2538 	0 x 00 00 00 00 	2539 	0 x 00 00 00 00 	
2540 	0 x 00 00 00 00 	2541 	0 x 00 00 00 00 	2542 	0 x 00 00 00 00 	2543 	0 x 00 00 00 00 	
2544 	0 x 00 00 00 00 	2545 	0 x 00 00 00 00 	2546 	0 x 00 00 00 00 	2547 	0 x 00 00 00 00 	
2548 	0 x 00 00 00 00 	2549 	0 x 00 00 00 00 	2550 	0 x 00 00 00 00 	2551 	0 x 00 00 00 00 	
2552 	0 x 00 00 00 00 	2553 	0 x 00 00 00 00 	2554 	0 x 00 00 00 00 	2555 	0 x 00 00 00 00 	
2556 	0 x 00 00 00 00 	2557 	0 x 00 00 00 00 	2558 	0 x 00 00 00 00 	2559 	0 x 00 00 00 00 	
2560 	0 x 00 00 00 00 	2561 	0 x 00 00 00 00 	2562 	0 x 00 00 00 00 	2563 	0 x 00 00 00 00 	
2564 	0 x 00 00 00 00 	2565 	0 x 00 00 00 00 	2566 	0 x 00 00 00 00 	2567 	0 x 00 00 00 00 	
2568 	0 x 00 00 00 00 	2569 	0 x 00 00 00 00 	2570 	0 x 00 00 00 00 	2571 	0 x 00 00 00 00 	
2572 	0 x 00 00 00 00 	2573 	0 x 00 00 00 00 	2574 	0 x 00 00 00 00 	2575 	0 x 00 00 00 00 	
2576 	0 x 00 00 00 00 	2577 	0 x 00 00 00 00 	2578 	0 x 00 00 00 00 	2579 	0 x 00 00 00 00 	
2580 	0 x 00 00 00 00 	2581 	0 x 00 00 00 00 	2582 	0 x 00 00 00 00 	2583 	0 x 00 00 00 00 	
2584 	0 x 00 00 00 00 	2585 	0 x 00 00 00 00 	2586 	0 x 00 00 00 00 	2587 	0 x 00 00 00 00 	
2588 	0 x 00 00 00 00 	2589 	0 x 00 00 00 00 	2590 	0 x 00 00 00 00 	2591 	0 x 00 00 00 00 	
2592 	0 x 00 00 00 00 	2593 	0 x 00 00 00 00 	2594 	0 x 00 00 00 00 	2595 	0 x 00 00 00 00 	
2596 	0 x 00 00 00 00 	2597 	0 x 00 00 00 00 	2598 	0 x 00 00 00 00 	2599 	0 x 00 00 00 00 	
2600 	0 x 00 00 00 00 	2601 	0 x 00 00 00 00 	2602 	0 x 00 00 00 00 	2603 	0 x 00 00 00 00 	
2604 	0 x 00 00 00 00 	2605 	0 x 00 00 00 00 	2606 	0 x 00 00 00 00 	2607 	0 x 00 00 00 00 	
2608 	0 x 00 00 00 00 	2609 	0 x 00 00 00 00 	2610 	0 x 00 00 00 00 	2611 	0 x 00 00 00 00 	
2612 	0 x 00 00 00 00 	2613 	0 x 00 00 00 00 	2614 	0 x 00 00 00 00 	2615 	0 x 00 00 00 00 	
2616 	0 x 00 00 00 00 	2617 	0 x 00 00 00 00 	2618 	0 x 00 00 00 00 	2619 	0 x 00 00 00 00 	
2620 	0 x 00 00 00 00 	2621 	0 x 00 00 00 00 	2622 	0 x 00 00 00 00 	2623 	0 x 00 00 00 00 	
2624 	0 x 00 00 00 00 	2625 	0 x 00 00 00 00 	2626 	0 x 00 00 00 00 	2627 	0 x 00 00 00 00 	
2628 	0 x 00 00 00 00 	2629 	0 x 00 00 00 00 	2630 	0 x 00 00 00 00 	2631 	0 x 00 00 00 00 	
2632 	0 x 00 00 00 00 	2633 	0 x 00 00 00 00 	2634 	0 x 00 00 00 00 	2635 	0 x 00 00 00 00 	
2636 	0 x 00 00 00 00 	2637 	0 x 00 00 00 00 	2638 	0 x 00 00 00 00 	2639 	0 x 00 00 00 00 	
2640 	0 x 00 00 00 00 	2641 	0 x 00 00 00 00 	2642 	0 x 00 00 00 00 	2643 	0 x 00 00 00 00 	
2644 	0 x 00 00 00 00 	2645 	0 x 00 00 00 00 	2646 	0 x 00 00 00 00 	2647 	0 x 00 00 00 00 	
2648 	0 x 00 00 00 00 	2649 	0 x 00 00 00 00 	2650 	0 x 00 00 00 00 	2651 	0 x 00 00 00 00 	
2652 	0 x 00 00 00 00 	2653 	0 x 00 00 00 00 	2654 	0 x 00 00 00 00 	2655 	0 x 00 00 00 00 	
2656 	0 x 00 00 00 00 	2657 	0 x 00 00 00 00 	2658 	0 x 00 00 00 00 	2659 	0 x 00 00 00 00 	
2660 	0 x 00 00 00 00 	2661 	0 x 00 00 00 00 	2662 	0 x 00 00 00 00 	2663 	0 x 00 00 00 00 	
2664 	0 x 00 00 00 00 	2665 	0 x 00 00 00 00 	2666 	0 x 00 00 00 00 	2667 	0 x 00 00 00 00 	
2668 	0 x 00 00 00 00 	2669 	0 x 00 00 00 00 	2670 	0 x 00 00 00 00 	2671 	0 x 00 00 00 00 	
2672 	0 x 00 00 00 00 	2673 	0 x 00 00 00 00 	2674 	0 x 00 00 00 00 	2675 	0 x 00 00 00 00 	
2676 	0 x 00 00 00 00 	2677 	0 x 00 00 00 00 	2678 	0 x 00 00 00 00 	2679 	0 x 00 00 00 00 	
2680 	0 x 00 00 00 00 	2681 	0 x 00 00 00 00 	2682 	0 x 00 00 00 00 	2683 	0 x 00 00 00 00 	
2684 	0 x 00 00 00 00 	2685 	0 x 00 00 00 00 	2686 	0 x 00 00 00 00 	2687 	0 x 00 00 00 00 	
2688 	0 x 00 00 00 00 	2689 	0 x 00 00 00 00 	2690 	0 x 00 00 00 00 	2691 	0 x 00 00 00 00 	
2692 	0 x 00 00 00 00 	2693 	0 x 00 00 00 00 	2694 	0 x 00 00 00 00 	2695 	0 x 00 00 00 00 	
2696 	0 x 00 00 00 00 	2697 	0 x 00 00 00 00 	2698 	0 x 00 00 00 00 	2699 	0 x 00 00 00 00 	
2700 	0 x 00 00 00 00 	2701 	0 x 00 00 00 00 	2702 	0 x 00 00 00 00 	2703 	0 x 00 00 00 00 	
2704 	0 x 00 00 00 00 	2705 	0 x 00 00 00 00 	2706 	0 x 00 00 00 00 	2707 	0 x 00 00 00 00 	
2708 	0 x 00 00 00 00 	2709 	0 x 00 00 00 00 	2710 	0 x 00 00 00 00 	2711 	0 x 00 00 00 00 	
2712 	0 x 00 00 00 00 	2713 	0 x 00 00 00 00 	2714 	0 x 00 00 00 00 	2715 	0 x 00 00 00 00 	
2716 	0 x 00 00 00 00 	2717 	0 x 00 00 00 00 	2718 	0 x 00 00 00 00 	2719 	0 x 00 00 00 00 	
2720 	0 x 00 00 00 00 	2721 	0 x 00 00 00 00 	2722 	0 x 00 00 00 00 	2723 	0 x 00 00 00 00 	
2724 	0 x 00 00 00 00 	2725 	0 x 00 00 00 00 	2726 	0 x 00 00 00 00 	2727 	0 x 00 00 00 00 	
2728 	0 x 00 00 00 00 	2729 	0 x 00 00 00 00 	2730 	0 x 00 00 00 00 	2731 	0 x 00 00 00 00 	
2732 	0 x 00 00 00 00 	2733 	0 x 00 00 00 00 	2734 	0 x 00 00 00 00 	2735 	0 x 00 00 00 00 	
2736 	0 x 00 00 00 00 	2737 	0 x 00 00 00 00 	2738 	0 x 00 00 00 00 	2739 	0 x 00 00 00 00 	
2740 	0 x 00 00 00 00 	2741 	0 x 00 00 00 00 	2742 	0 x 00 00 00 00 	2743 	0 x 00 00 00 00 	
2744 	0 x 00 00 00 00 	2745 	0 x 00 00 00 00 	2746 	0 x 00 00 00 00 	2747 	0 x 00 00 00 00 	
2748 	0 x 00 00 00 00 	2749 	0 x 00 00 00 00 	2750 	0 x 00 00 00 00 	2751 	0 x 00 00 00 00 	
2752 	0 x 00 00 00 00 	2753 	0 x 00 00 00 00 	2754 	0 x 00 00 00 00 	2755 	0 x 00 00 00 00 	
2756 	0 x 00 00 00 00 	2757 	0 x 00 00 00 00 	2758 	0 x 00 00 00 00 	2759 	0 x 00 00 00 00 	
2760 	0 x 00 00 00 00 	2761 	0 x 00 00 00 00 	2762 	0 x 00 00 00 00 	2763 	0 x 00 00 00 00 	
2764 	0 x 00 00 00 00 	2765 	0 x 00 00 00 00 	2766 	0 x 00 00 00 00 	2767 	0 x 00 00 00 00 	
2768 	0 x 00 00 00 00 	2769 	0 x 00 00 00 00 	2770 	0 x 00 00 00 00 	2771 	0 x 00 00 00 00 	
2772 	0 x 00 00 00 00 	2773 	0 x 00 00 00 00 	2774 	0 x 00 00 00 00 	2775 	0 x 00 00 00 00 	
2776 	0 x 00 00 00 00 	2777 	0 x 00 00 00 00 	2778 	0 x 00 00 00 00 	2779 	0 x 00 00 00 00 	
2780 	0 x 00 00 00 00 	2781 	0 x 00 00 00 00 	2782 	0 x 00 00 00 00 	2783 	0 x 00 00 00 00 	
2784 	0 x 00 00 00 00 	2785 	0 x 00 00 00 00 	2786 	0 x 00 00 00 00 	2787 	0 x 00 00 00 00 	
2788 	0 x 00 00 00 00 	2789 	0 x 00 00 00 00 	2790 	0 x 00 00 00 00 	2791 	0 x 00 00 00 00 	
2792 	0 x 00 00 00 00 	2793 	0 x 00 00 00 00 	2794 	0 x 00 00 00 00 	2795 	0 x 00 00 00 00 	
2796 	0 x 00 00 00 00 	2797 	0 x 00 00 00 00 	2798 	0 x 00 00 00 00 	2799 	0 x 00 00 00 00 	
2800 	0 x 00 00 00 00 	2801 	0 x 00 00 00 00 	2802 	0 x 00 00 00 00 	2803 	0 x 00 00 00 00 	
2804 	0 x 00 00 00 00 	2805 	0 x 00 00 00 00 	2806 	0 x 00 00 00 00 	2807 	0 x 00 00 00 00 	
2808 	0 x 00 00 00 00 	2809 	0 x 00 00 00 00 	2810 	0 x 00 00 00 00 	2811 	0 x 00 00 00 00 	
2812 	0 x 00 00 00 00 	2813 	0 x 00 00 00 00 	2814 	0 x 00 00 00 00 	2815 	0 x 00 00 00 00 	
2816 	0 x 00 00 00 00 	2817 	0 x 00 00 00 00 	2818 	0 x 00 00 00 00 	2819 	0 x 00 00 00 00 	
2820 	0 x 00 00 00 00 	2821 	0 x 00 00 00 00 	2822 	0 x 00 00 00 00 	2823 	0 x 00 00 00 00 	
2824 	0 x 00 00 00 00 	2825 	0 x 00 00 00 00 	2826 	0 x 00 00 00 00 	2827 	0 x 00 00 00 00 	
2828 	0 x 00 00 00 00 	2829 	0 x 00 00 00 00 	2830 	0 x 00 00 00 00 	2831 	0 x 00 00 00 00 	
2832 	0 x 00 00 00 00 	2833 	0 x 00 00 00 00 	2834 	0 x 00 00 00 00 	2835 	0 x 00 00 00 00 	
2836 	0 x 00 00 00 00 	2837 	0 x 00 00 00 00 	2838 	0 x 00 00 00 00 	2839 	0 x 00 00 00 00 	
2840 	0 x 00 00 00 00 	2841 	0 x 00 00 00 00 	2842 	0 x 00 00 00 00 	2843 	0 x 00 00 00 00 	
2844 	0 x 00 00 00 00 	2845 	0 x 00 00 00 00 	2846 	0 x 00 00 00 00 	2847 	0 x 00 00 00 00 	
2848 	0 x 00 00 00 00 	2849 	0 x 00 00 00 00 	2850 	0 x 00 00 00 00 	2851 	0 x 00 00 00 00 	
2852 	0 x 00 00 00 00 	2853 	0 x 00 00 00 00 	2854 	0 x 00 00 00 00 	2855 	0 x 00 00 00 00 	
2856 	0 x 00 00 00 00 	2857 	0 x 00 00 00 00 	2858 	0 x 00 00 00 00 	2859 	0 x 00 00 00 00 	
2860 	0 x 00 00 00 00 	2861 	0 x 00 00 00 00 	2862 	0 x 00 00 00 00 	2863 	0 x 00 00 00 00 	
2864 	0 x 00 00 00 00 	2865 	0 x 00 00 00 00 	2866 	0 x 00 00 00 00 	2867 	0 x 00 00 00 00 	
2868 	0 x 00 00 00 00 	2869 	0 x 00 00 00 00 	2870 	0 x 00 00 00 00 	2871 	0 x 00 00 00 00 	
2872 	0 x 00 00 00 00 	2873 	0 x 00 00 00 00 	2874 	0 x 00 00 00 00 	2875 	0 x 00 00 00 00 	
2876 	0 x 00 00 00 00 	2877 	0 x 00 00 00 00 	2878 	0 x 00 00 00 00 	2879 	0 x 00 00 00 00 	
2880 	0 x 00 00 00 00 	2881 	0 x 00 00 00 00 	2882 	0 x 00 00 00 00 	2883 	0 x 00 00 00 00 	
2884 	0 x 00 00 00 00 	2885 	0 x 00 00 00 00 	2886 	0 x 00 00 00 00 	2887 	0 x 00 00 00 00 	
2888 	0 x 00 00 00 00 	2889 	0 x 00 00 00 00 	2890 	0 x 00 00 00 00 	2891 	0 x 00 00 00 00 	
2892 	0 x 00 00 00 00 	2893 	0 x 00 00 00 00 	2894 	0 x 00 00 00 00 	2895 	0 x 00 00 00 00 	
2896 	0 x 00 00 00 00 	2897 	0 x 00 00 00 00 	2898 	0 x 00 00 00 00 	2899 	0 x 00 00 00 00 	
2900 	0 x 00 00 00 00 	2901 	0 x 00 00 00 00 	2902 	0 x 00 00 00 00 	2903 	0 x 00 00 00 00 	
2904 	0 x 00 00 00 00 	2905 	0 x 00 00 00 00 	2906 	0 x 00 00 00 00 	2907 	0 x 00 00 00 00 	
2908 	0 x 00 00 00 00 	2909 	0 x 00 00 00 00 	2910 	0 x 00 00 00 00 	2911 	0 x 00 00 00 00 	
2912 	0 x 00 00 00 00 	2913 	0 x 00 00 00 00 	2914 	0 x 00 00 00 00 	2915 	0 x 00 00 00 00 	
2916 	0 x 00 00 00 00 	2917 	0 x 00 00 00 00 	2918 	0 x 00 00 00 00 	2919 	0 x 00 00 00 00 	
2920 	0 x 00 00 00 00 	2921 	0 x 00 00 00 00 	2922 	0 x 00 00 00 00 	2923 	0 x 00 00 00 00 	
2924 	0 x 00 00 00 00 	2925 	0 x 00 00 00 00 	2926 	0 x 00 00 00 00 	2927 	0 x 00 00 00 00 	
2928 	0 x 00 00 00 00 	2929 	0 x 00 00 00 00 	2930 	0 x 00 00 00 00 	2931 	0 x 00 00 00 00 	
2932 	0 x 00 00 00 00 	2933 	0 x 00 00 00 00 	2934 	0 x 00 00 00 00 	2935 	0 x 00 00 00 00 	
2936 	0 x 00 00 00 00 	2937 	0 x 00 00 00 00 	2938 	0 x 00 00 00 00 	2939 	0 x 00 00 00 00 	
2940 	0 x 00 00 00 00 	2941 	0 x 00 00 00 00 	2942 	0 x 00 00 00 00 	2943 	0 x 00 00 00 00 	
2944 	0 x 00 00 00 00 	2945 	0 x 00 00 00 00 	2946 	0 x 00 00 00 00 	2947 	0 x 00 00 00 00 	
2948 	0 x 00 00 00 00 	2949 	0 x 00 00 00 00 	2950 	0 x 00 00 00 00 	2951 	0 x 00 00 00 00 	
2952 	0 x 00 00 00 00 	2953 	0 x 00 00 00 00 	2954 	0 x 00 00 00 00 	2955 	0 x 00 00 00 00 	
2956 	0 x 00 00 00 00 	2957 	0 x 00 00 00 00 	2958 	0 x 00 00 00 00 	2959 	0 x 00 00 00 00 	
2960 	0 x 00 00 00 00 	2961 	0 x 00 00 00 00 	2962 	0 x 00 00 00 00 	2963 	0 x 00 00 00 00 	
2964 	0 x 00 00 00 00 	2965 	0 x 00 00 00 00 	2966 	0 x 00 00 00 00 	2967 	0 x 00 00 00 00 	
2968 	0 x 00 00 00 00 	2969 	0 x 00 00 00 00 	2970 	0 x 00 00 00 00 	2971 	0 x 00 00 00 00 	
2972 	0 x 00 00 00 00 	2973 	0 x 00 00 00 00 	2974 	0 x 00 00 00 00 	2975 	0 x 00 00 00 00 	
2976 	0 x 00 00 00 00 	2977 	0 x 00 00 00 00 	2978 	0 x 00 00 00 00 	2979 	0 x 00 00 00 00 	
2980 	0 x 00 00 00 00 	2981 	0 x 00 00 00 00 	2982 	0 x 00 00 00 00 	2983 	0 x 00 00 00 00 	
2984 	0 x 00 00 00 00 	2985 	0 x 00 00 00 00 	2986 	0 x 00 00 00 00 	2987 	0 x 00 00 00 00 	
2988 	0 x 00 00 00 00 	2989 	0 x 00 00 00 00 	2990 	0 x 00 00 00 00 	2991 	0 x 00 00 00 00 	
2992 	0 x 00 00 00 00 	2993 	0 x 00 00 00 00 	2994 	0 x 00 00 00 00 	2995 	0 x 00 00 00 00 	
2996 	0 x 00 00 00 00 	2997 	0 x 00 00 00 00 	2998 	0 x 00 00 00 00 	2999 	0 x 00 00 00 00 	
3000 	0 x 00 00 00 00 	3001 	0 x 00 00 00 00 	3002 	0 x 00 00 00 00 	3003 	0 x 00 00 00 00 	
3004 	0 x 00 00 00 00 	3005 	0 x 00 00 00 00 	3006 	0 x 00 00 00 00 	3007 	0 x 00 00 00 00 	
3008 	0 x 00 00 00 00 	3009 	0 x 00 00 00 00 	3010 	0 x 00 00 00 00 	3011 	0 x 00 00 00 00 	
3012 	0 x 00 00 00 00 	3013 	0 x 00 00 00 00 	3014 	0 x 00 00 00 00 	3015 	0 x 00 00 00 00 	
3016 	0 x 00 00 00 00 	3017 	0 x 00 00 00 00 	3018 	0 x 00 00 00 00 	3019 	0 x 00 00 00 00 	
3020 	0 x 00 00 00 00 	3021 	0 x 00 00 00 00 	3022 	0 x 00 00 00 00 	3023 	0 x 00 00 00 00 	
3024 	0 x 00 00 00 00 	3025 	0 x 00 00 00 00 	3026 	0 x 00 00 00 00 	3027 	0 x 00 00 00 00 	
3028 	0 x 00 00 00 00 	3029 	0 x 00 00 00 00 	3030 	0 x 00 00 00 00 	3031 	0 x 00 00 00 00 	
3032 	0 x 00 00 00 00 	3033 	0 x 00 00 00 00 	3034 	0 x 00 00 00 00 	3035 	0 x 00 00 00 00 	
3036 	0 x 00 00 00 00 	3037 	0 x 00 00 00 00 	3038 	0 x 00 00 00 00 	3039 	0 x 00 00 00 00 	
3040 	0 x 00 00 00 00 	3041 	0 x 00 00 00 00 	3042 	0 x 00 00 00 00 	3043 	0 x 00 00 00 00 	
3044 	0 x 00 00 00 00 	3045 	0 x 00 00 00 00 	3046 	0 x 00 00 00 00 	3047 	0 x 00 00 00 00 	
3048 	0 x 00 00 00 00 	3049 	0 x 00 00 00 00 	3050 	0 x 00 00 00 00 	3051 	0 x 00 00 00 00 	
3052 	0 x 00 00 00 00 	3053 	0 x 00 00 00 00 	3054 	0 x 00 00 00 00 	3055 	0 x 00 00 00 00 	
3056 	0 x 00 00 00 00 	3057 	0 x 00 00 00 00 	3058 	0 x 00 00 00 00 	3059 	0 x 00 00 00 00 	
3060 	0 x 00 00 00 00 	3061 	0 x 00 00 00 00 	3062 	0 x 00 00 00 00 	3063 	0 x 00 00 00 00 	
3064 	0 x 00 00 00 00 	3065 	0 x 00 00 00 00 	3066 	0 x 00 00 00 00 	3067 	0 x 00 00 00 00 	
3068 	0 x 00 00 00 00 	3069 	0 x 00 00 00 00 	3070 	0 x 00 00 00 00 	3071 	0 x 00 00 00 00 	
3072 	0 x 00 00 00 00 	3073 	0 x 00 00 00 00 	3074 	0 x 00 00 00 00 	3075 	0 x 00 00 00 00 	
3076 	0 x 00 00 00 00 	3077 	0 x 00 00 00 00 	3078 	0 x 00 00 00 00 	3079 	0 x 00 00 00 00 	
3080 	0 x 00 00 00 00 	3081 	0 x 00 00 00 00 	3082 	0 x 00 00 00 00 	3083 	0 x 00 00 00 00 	
3084 	0 x 00 00 00 00 	3085 	0 x 00 00 00 00 	3086 	0 x 00 00 00 00 	3087 	0 x 00 00 00 00 	
3088 	0 x 00 00 00 00 	3089 	0 x 00 00 00 00 	3090 	0 x 00 00 00 00 	3091 	0 x 00 00 00 00 	
3092 	0 x 00 00 00 00 	3093 	0 x 00 00 00 00 	3094 	0 x 00 00 00 00 	3095 	0 x 00 00 00 00 	
3096 	0 x 00 00 00 00 	3097 	0 x 00 00 00 00 	3098 	0 x 00 00 00 00 	3099 	0 x 00 00 00 00 	
3100 	0 x 00 00 00 00 	3101 	0 x 00 00 00 00 	3102 	0 x 00 00 00 00 	3103 	0 x 00 00 00 00 	
3104 	0 x 00 00 00 00 	3105 	0 x 00 00 00 00 	3106 	0 x 00 00 00 00 	3107 	0 x 00 00 00 00 	
3108 	0 x 00 00 00 00 	3109 	0 x 00 00 00 00 	3110 	0 x 00 00 00 00 	3111 	0 x 00 00 00 00 	
3112 	0 x 00 00 00 00 	3113 	0 x 00 00 00 00 	3114 	0 x 00 00 00 00 	3115 	0 x 00 00 00 00 	
3116 	0 x 00 00 00 00 	3117 	0 x 00 00 00 00 	3118 	0 x 00 00 00 00 	3119 	0 x 00 00 00 00 	
3120 	0 x 00 00 00 00 	3121 	0 x 00 00 00 00 	3122 	0 x 00 00 00 00 	3123 	0 x 00 00 00 00 	
3124 	0 x 00 00 00 00 	3125 	0 x 00 00 00 00 	3126 	0 x 00 00 00 00 	3127 	0 x 00 00 00 00 	
3128 	0 x 00 00 00 00 	3129 	0 x 00 00 00 00 	3130 	0 x 00 00 00 00 	3131 	0 x 00 00 00 00 	
3132 	0 x 00 00 00 00 	3133 	0 x 00 00 00 00 	3134 	0 x 00 00 00 00 	3135 	0 x 00 00 00 00 	
3136 	0 x 00 00 00 00 	3137 	0 x 00 00 00 00 	3138 	0 x 00 00 00 00 	3139 	0 x 00 00 00 00 	
3140 	0 x 00 00 00 00 	3141 	0 x 00 00 00 00 	3142 	0 x 00 00 00 00 	3143 	0 x 00 00 00 00 	
3144 	0 x 00 00 00 00 	3145 	0 x 00 00 00 00 	3146 	0 x 00 00 00 00 	3147 	0 x 00 00 00 00 	
3148 	0 x 00 00 00 00 	3149 	0 x 00 00 00 00 	3150 	0 x 00 00 00 00 	3151 	0 x 00 00 00 00 	
3152 	0 x 00 00 00 00 	3153 	0 x 00 00 00 00 	3154 	0 x 00 00 00 00 	3155 	0 x 00 00 00 00 	
3156 	0 x 00 00 00 00 	3157 	0 x 00 00 00 00 	3158 	0 x 00 00 00 00 	3159 	0 x 00 00 00 00 	
3160 	0 x 00 00 00 00 	3161 	0 x 00 00 00 00 	3162 	0 x 00 00 00 00 	3163 	0 x 00 00 00 00 	
3164 	0 x 00 00 00 00 	3165 	0 x 00 00 00 00 	3166 	0 x 00 00 00 00 	3167 	0 x 00 00 00 00 	
3168 	0 x 00 00 00 00 	3169 	0 x 00 00 00 00 	3170 	0 x 00 00 00 00 	3171 	0 x 00 00 00 00 	
3172 	0 x 00 00 00 00 	3173 	0 x 00 00 00 00 	3174 	0 x 00 00 00 00 	3175 	0 x 00 00 00 00 	
3176 	0 x 00 00 00 00 	3177 	0 x 00 00 00 00 	3178 	0 x 00 00 00 00 	3179 	0 x 00 00 00 00 	
3180 	0 x 00 00 00 00 	3181 	0 x 00 00 00 00 	3182 	0 x 00 00 00 00 	3183 	0 x 00 00 00 00 	
3184 	0 x 00 00 00 00 	3185 	0 x 00 00 00 00 	3186 	0 x 00 00 00 00 	3187 	0 x 00 00 00 00 	
3188 	0 x 00 00 00 00 	3189 	0 x 00 00 00 00 	3190 	0 x 00 00 00 00 	3191 	0 x 00 00 00 00 	
3192 	0 x 00 00 00 00 	3193 	0 x 00 00 00 00 	3194 	0 x 00 00 00 00 	3195 	0 x 00 00 00 00 	
3196 	0 x 00 00 00 00 	3197 	0 x 00 00 00 00 	3198 	0 x 00 00 00 00 	3199 	0 x 00 00 00 00 	
3200 	0 x 00 00 00 00 	3201 	0 x 00 00 00 00 	3202 	0 x 00 00 00 00 	3203 	0 x 00 00 00 00 	
3204 	0 x 00 00 00 00 	3205 	0 x 00 00 00 00 	3206 	0 x 00 00 00 00 	3207 	0 x 00 00 00 00 	
3208 	0 x 00 00 00 00 	3209 	0 x 00 00 00 00 	3210 	0 x 00 00 00 00 	3211 	0 x 00 00 00 00 	
3212 	0 x 00 00 00 00 	3213 	0 x 00 00 00 00 	3214 	0 x 00 00 00 00 	3215 	0 x 00 00 00 00 	
3216 	0 x 00 00 00 00 	3217 	0 x 00 00 00 00 	3218 	0 x 00 00 00 00 	3219 	0 x 00 00 00 00 	
3220 	0 x 00 00 00 00 	3221 	0 x 00 00 00 00 	3222 	0 x 00 00 00 00 	3223 	0 x 00 00 00 00 	
3224 	0 x 00 00 00 00 	3225 	0 x 00 00 00 00 	3226 	0 x 00 00 00 00 	3227 	0 x 00 00 00 00 	
3228 	0 x 00 00 00 00 	3229 	0 x 00 00 00 00 	3230 	0 x 00 00 00 00 	3231 	0 x 00 00 00 00 	
3232 	0 x 00 00 00 00 	3233 	0 x 00 00 00 00 	3234 	0 x 00 00 00 00 	3235 	0 x 00 00 00 00 	
3236 	0 x 00 00 00 00 	3237 	0 x 00 00 00 00 	3238 	0 x 00 00 00 00 	3239 	0 x 00 00 00 00 	
3240 	0 x 00 00 00 00 	3241 	0 x 00 00 00 00 	3242 	0 x 00 00 00 00 	3243 	0 x 00 00 00 00 	
3244 	0 x 00 00 00 00 	3245 	0 x 00 00 00 00 	3246 	0 x 00 00 00 00 	3247 	0 x 00 00 00 00 	
3248 	0 x 00 00 00 00 	3249 	0 x 00 00 00 00 	3250 	0 x 00 00 00 00 	3251 	0 x 00 00 00 00 	
3252 	0 x 00 00 00 00 	3253 	0 x 00 00 00 00 	3254 	0 x 00 00 00 00 	3255 	0 x 00 00 00 00 	
3256 	0 x 00 00 00 00 	3257 	0 x 00 00 00 00 	3258 	0 x 00 00 00 00 	3259 	0 x 00 00 00 00 	
3260 	0 x 00 00 00 00 	3261 	0 x 00 00 00 00 	3262 	0 x 00 00 00 00 	3263 	0 x 00 00 00 00 	
3264 	0 x 00 00 00 00 	3265 	0 x 00 00 00 00 	3266 	0 x 00 00 00 00 	3267 	0 x 00 00 00 00 	
3268 	0 x 00 00 00 00 	3269 	0 x 00 00 00 00 	3270 	0 x 00 00 00 00 	3271 	0 x 00 00 00 00 	
3272 	0 x 00 00 00 00 	3273 	0 x 00 00 00 00 	3274 	0 x 00 00 00 00 	3275 	0 x 00 00 00 00 	
3276 	0 x 00 00 00 00 	3277 	0 x 00 00 00 00 	3278 	0 x 00 00 00 00 	3279 	0 x 00 00 00 00 	
3280 	0 x 00 00 00 00 	3281 	0 x 00 00 00 00 	3282 	0 x 00 00 00 00 	3283 	0 x 00 00 00 00 	
3284 	0 x 00 00 00 00 	3285 	0 x 00 00 00 00 	3286 	0 x 00 00 00 00 	3287 	0 x 00 00 00 00 	
3288 	0 x 00 00 00 00 	3289 	0 x 00 00 00 00 	3290 	0 x 00 00 00 00 	3291 	0 x 00 00 00 00 	
3292 	0 x 00 00 00 00 	3293 	0 x 00 00 00 00 	3294 	0 x 00 00 00 00 	3295 	0 x 00 00 00 00 	
3296 	0 x 00 00 00 00 	3297 	0 x 00 00 00 00 	3298 	0 x 00 00 00 00 	3299 	0 x 00 00 00 00 	
3300 	0 x 00 00 00 00 	3301 	0 x 00 00 00 00 	3302 	0 x 00 00 00 00 	3303 	0 x 00 00 00 00 	
3304 	0 x 00 00 00 00 	3305 	0 x 00 00 00 00 	3306 	0 x 00 00 00 00 	3307 	0 x 00 00 00 00 	
3308 	0 x 00 00 00 00 	3309 	0 x 00 00 00 00 	3310 	0 x 00 00 00 00 	3311 	0 x 00 00 00 00 	
3312 	0 x 00 00 00 00 	3313 	0 x 00 00 00 00 	3314 	0 x 00 00 00 00 	3315 	0 x 00 00 00 00 	
3316 	0 x 00 00 00 00 	3317 	0 x 00 00 00 00 	3318 	0 x 00 00 00 00 	3319 	0 x 00 00 00 00 	
3320 	0 x 00 00 00 00 	3321 	0 x 00 00 00 00 	3322 	0 x 00 00 00 00 	3323 	0 x 00 00 00 00 	
3324 	0 x 00 00 00 00 	3325 	0 x 00 00 00 00 	3326 	0 x 00 00 00 00 	3327 	0 x 00 00 00 00 	
3328 	0 x 00 00 00 00 	3329 	0 x 00 00 00 00 	3330 	0 x 00 00 00 00 	3331 	0 x 00 00 00 00 	
3332 	0 x 00 00 00 00 	3333 	0 x 00 00 00 00 	3334 	0 x 00 00 00 00 	3335 	0 x 00 00 00 00 	
3336 	0 x 00 00 00 00 	3337 	0 x 00 00 00 00 	3338 	0 x 00 00 00 00 	3339 	0 x 00 00 00 00 	
3340 	0 x 00 00 00 00 	3341 	0 x 00 00 00 00 	3342 	0 x 00 00 00 00 	3343 	0 x 00 00 00 00 	
3344 	0 x 00 00 00 00 	3345 	0 x 00 00 00 00 	3346 	0 x 00 00 00 00 	3347 	0 x 00 00 00 00 	
3348 	0 x 00 00 00 00 	3349 	0 x 00 00 00 00 	3350 	0 x 00 00 00 00 	3351 	0 x 00 00 00 00 	
3352 	0 x 00 00 00 00 	3353 	0 x 00 00 00 00 	3354 	0 x 00 00 00 00 	3355 	0 x 00 00 00 00 	
3356 	0 x 00 00 00 00 	3357 	0 x 00 00 00 00 	3358 	0 x 00 00 00 00 	3359 	0 x 00 00 00 00 	
3360 	0 x 00 00 00 00 	3361 	0 x 00 00 00 00 	3362 	0 x 00 00 00 00 	3363 	0 x 00 00 00 00 	
3364 	0 x 00 00 00 00 	3365 	0 x 00 00 00 00 	3366 	0 x 00 00 00 00 	3367 	0 x 00 00 00 00 	
3368 	0 x 00 00 00 00 	3369 	0 x 00 00 00 00 	3370 	0 x 00 00 00 00 	3371 	0 x 00 00 00 00 	
3372 	0 x 00 00 00 00 	3373 	0 x 00 00 00 00 	3374 	0 x 00 00 00 00 	3375 	0 x 00 00 00 00 	
3376 	0 x 00 00 00 00 	3377 	0 x 00 00 00 00 	3378 	0 x 00 00 00 00 	3379 	0 x 00 00 00 00 	
3380 	0 x 00 00 00 00 	3381 	0 x 00 00 00 00 	3382 	0 x 00 00 00 00 	3383 	0 x 00 00 00 00 	
3384 	0 x 00 00 00 00 	3385 	0 x 00 00 00 00 	3386 	0 x 00 00 00 00 	3387 	0 x 00 00 00 00 	
3388 	0 x 00 00 00 00 	3389 	0 x 00 00 00 00 	3390 	0 x 00 00 00 00 	3391 	0 x 00 00 00 00 	
3392 	0 x 00 00 00 00 	3393 	0 x 00 00 00 00 	3394 	0 x 00 00 00 00 	3395 	0 x 00 00 00 00 	
3396 	0 x 00 00 00 00 	3397 	0 x 00 00 00 00 	3398 	0 x 00 00 00 00 	3399 	0 x 00 00 00 00 	
3400 	0 x 00 00 00 00 	3401 	0 x 00 00 00 00 	3402 	0 x 00 00 00 00 	3403 	0 x 00 00 00 00 	
3404 	0 x 00 00 00 00 	3405 	0 x 00 00 00 00 	3406 	0 x 00 00 00 00 	3407 	0 x 00 00 00 00 	
3408 	0 x 00 00 00 00 	3409 	0 x 00 00 00 00 	3410 	0 x 00 00 00 00 	3411 	0 x 00 00 00 00 	
3412 	0 x 00 00 00 00 	3413 	0 x 00 00 00 00 	3414 	0 x 00 00 00 00 	3415 	0 x 00 00 00 00 	
3416 	0 x 00 00 00 00 	3417 	0 x 00 00 00 00 	3418 	0 x 00 00 00 00 	3419 	0 x 00 00 00 00 	
3420 	0 x 00 00 00 00 	3421 	0 x 00 00 00 00 	3422 	0 x 00 00 00 00 	3423 	0 x 00 00 00 00 	
3424 	0 x 00 00 00 00 	3425 	0 x 00 00 00 00 	3426 	0 x 00 00 00 00 	3427 	0 x 00 00 00 00 	
3428 	0 x 00 00 00 00 	3429 	0 x 00 00 00 00 	3430 	0 x 00 00 00 00 	3431 	0 x 00 00 00 00 	
3432 	0 x 00 00 00 00 	3433 	0 x 00 00 00 00 	3434 	0 x 00 00 00 00 	3435 	0 x 00 00 00 00 	
3436 	0 x 00 00 00 00 	3437 	0 x 00 00 00 00 	3438 	0 x 00 00 00 00 	3439 	0 x 00 00 00 00 	
3440 	0 x 00 00 00 00 	3441 	0 x 00 00 00 00 	3442 	0 x 00 00 00 00 	3443 	0 x 00 00 00 00 	
3444 	0 x 00 00 00 00 	3445 	0 x 00 00 00 00 	3446 	0 x 00 00 00 00 	3447 	0 x 00 00 00 00 	
3448 	0 x 00 00 00 00 	3449 	0 x 00 00 00 00 	3450 	0 x 00 00 00 00 	3451 	0 x 00 00 00 00 	
3452 	0 x 00 00 00 00 	3453 	0 x 00 00 00 00 	3454 	0 x 00 00 00 00 	3455 	0 x 00 00 00 00 	
3456 	0 x 00 00 00 00 	3457 	0 x 00 00 00 00 	3458 	0 x 00 00 00 00 	3459 	0 x 00 00 00 00 	
3460 	0 x 00 00 00 00 	3461 	0 x 00 00 00 00 	3462 	0 x 00 00 00 00 	3463 	0 x 00 00 00 00 	
3464 	0 x 00 00 00 00 	3465 	0 x 00 00 00 00 	3466 	0 x 00 00 00 00 	3467 	0 x 00 00 00 00 	
3468 	0 x 00 00 00 00 	3469 	0 x 00 00 00 00 	3470 	0 x 00 00 00 00 	3471 	0 x 00 00 00 00 	
3472 	0 x 00 00 00 00 	3473 	0 x 00 00 00 00 	3474 	0 x 00 00 00 00 	3475 	0 x 00 00 00 00 	
3476 	0 x 00 00 00 00 	3477 	0 x 00 00 00 00 	3478 	0 x 00 00 00 00 	3479 	0 x 00 00 00 00 	
3480 	0 x 00 00 00 00 	3481 	0 x 00 00 00 00 	3482 	0 x 00 00 00 00 	3483 	0 x 00 00 00 00 	
3484 	0 x 00 00 00 00 	3485 	0 x 00 00 00 00 	3486 	0 x 00 00 00 00 	3487 	0 x 00 00 00 00 	
3488 	0 x 00 00 00 00 	3489 	0 x 00 00 00 00 	3490 	0 x 00 00 00 00 	3491 	0 x 00 00 00 00 	
3492 	0 x 00 00 00 00 	3493 	0 x 00 00 00 00 	3494 	0 x 00 00 00 00 	3495 	0 x 00 00 00 00 	
3496 	0 x 00 00 00 00 	3497 	0 x 00 00 00 00 	3498 	0 x 00 00 00 00 	3499 	0 x 00 00 00 00 	
3500 	0 x 00 00 00 00 	3501 	0 x 00 00 00 00 	3502 	0 x 00 00 00 00 	3503 	0 x 00 00 00 00 	
3504 	0 x 00 00 00 00 	3505 	0 x 00 00 00 00 	3506 	0 x 00 00 00 00 	3507 	0 x 00 00 00 00 	
3508 	0 x 00 00 00 00 	3509 	0 x 00 00 00 00 	3510 	0 x 00 00 00 00 	3511 	0 x 00 00 00 00 	
3512 	0 x 00 00 00 00 	3513 	0 x 00 00 00 00 	3514 	0 x 00 00 00 00 	3515 	0 x 00 00 00 00 	
3516 	0 x 00 00 00 00 	3517 	0 x 00 00 00 00 	3518 	0 x 00 00 00 00 	3519 	0 x 00 00 00 00 	
3520 	0 x 00 00 00 00 	3521 	0 x 00 00 00 00 	3522 	0 x 00 00 00 00 	3523 	0 x 00 00 00 00 	
3524 	0 x 00 00 00 00 	3525 	0 x 00 00 00 00 	3526 	0 x 00 00 00 00 	3527 	0 x 00 00 00 00 	
3528 	0 x 00 00 00 00 	3529 	0 x 00 00 00 00 	3530 	0 x 00 00 00 00 	3531 	0 x 00 00 00 00 	
3532 	0 x 00 00 00 00 	3533 	0 x 00 00 00 00 	3534 	0 x 00 00 00 00 	3535 	0 x 00 00 00 00 	
3536 	0 x 00 00 00 00 	3537 	0 x 00 00 00 00 	3538 	0 x 00 00 00 00 	3539 	0 x 00 00 00 00 	
3540 	0 x 00 00 00 00 	3541 	0 x 00 00 00 00 	3542 	0 x 00 00 00 00 	3543 	0 x 00 00 00 00 	
3544 	0 x 00 00 00 00 	3545 	0 x 00 00 00 00 	3546 	0 x 00 00 00 00 	3547 	0 x 00 00 00 00 	
3548 	0 x 00 00 00 00 	3549 	0 x 00 00 00 00 	3550 	0 x 00 00 00 00 	3551 	0 x 00 00 00 00 	
3552 	0 x 00 00 00 00 	3553 	0 x 00 00 00 00 	3554 	0 x 00 00 00 00 	3555 	0 x 00 00 00 00 	
3556 	0 x 00 00 00 00 	3557 	0 x 00 00 00 00 	3558 	0 x 00 00 00 00 	3559 	0 x 00 00 00 00 	
3560 	0 x 00 00 00 00 	3561 	0 x 00 00 00 00 	3562 	0 x 00 00 00 00 	3563 	0 x 00 00 00 00 	
3564 	0 x 00 00 00 00 	3565 	0 x 00 00 00 00 	3566 	0 x 00 00 00 00 	3567 	0 x 00 00 00 00 	
3568 	0 x 00 00 00 00 	3569 	0 x 00 00 00 00 	3570 	0 x 00 00 00 00 	3571 	0 x 00 00 00 00 	
3572 	0 x 00 00 00 00 	3573 	0 x 00 00 00 00 	3574 	0 x 00 00 00 00 	3575 	0 x 00 00 00 00 	
3576 	0 x 00 00 00 00 	3577 	0 x 00 00 00 00 	3578 	0 x 00 00 00 00 	3579 	0 x 00 00 00 00 	
3580 	0 x 00 00 00 00 	3581 	0 x 00 00 00 00 	3582 	0 x 00 00 00 00 	3583 	0 x 00 00 00 00 	
3584 	0 x 00 00 00 00 	3585 	0 x 00 00 00 00 	3586 	0 x 00 00 00 00 	3587 	0 x 00 00 00 00 	
3588 	0 x 00 00 00 00 	3589 	0 x 00 00 00 00 	3590 	0 x 00 00 00 00 	3591 	0 x 00 00 00 00 	
3592 	0 x 00 00 00 00 	3593 	0 x 00 00 00 00 	3594 	0 x 00 00 00 00 	3595 	0 x 00 00 00 00 	
3596 	0 x 00 00 00 00 	3597 	0 x 00 00 00 00 	3598 	0 x 00 00 00 00 	3599 	0 x 00 00 00 00 	
3600 	0 x 00 00 00 00 	3601 	0 x 00 00 00 00 	3602 	0 x 00 00 00 00 	3603 	0 x 00 00 00 00 	
3604 	0 x 00 00 00 00 	3605 	0 x 00 00 00 00 	3606 	0 x 00 00 00 00 	3607 	0 x 00 00 00 00 	
3608 	0 x 00 00 00 00 	3609 	0 x 00 00 00 00 	3610 	0 x 00 00 00 00 	3611 	0 x 00 00 00 00 	
3612 	0 x 00 00 00 00 	3613 	0 x 00 00 00 00 	3614 	0 x 00 00 00 00 	3615 	0 x 00 00 00 00 	
3616 	0 x 00 00 00 00 	3617 	0 x 00 00 00 00 	3618 	0 x 00 00 00 00 	3619 	0 x 00 00 00 00 	
3620 	0 x 00 00 00 00 	3621 	0 x 00 00 00 00 	3622 	0 x 00 00 00 00 	3623 	0 x 00 00 00 00 	
3624 	0 x 00 00 00 00 	3625 	0 x 00 00 00 00 	3626 	0 x 00 00 00 00 	3627 	0 x 00 00 00 00 	
3628 	0 x 00 00 00 00 	3629 	0 x 00 00 00 00 	3630 	0 x 00 00 00 00 	3631 	0 x 00 00 00 00 	
3632 	0 x 00 00 00 00 	3633 	0 x 00 00 00 00 	3634 	0 x 00 00 00 00 	3635 	0 x 00 00 00 00 	
3636 	0 x 00 00 00 00 	3637 	0 x 00 00 00 00 	3638 	0 x 00 00 00 00 	3639 	0 x 00 00 00 00 	
3640 	0 x 00 00 00 00 	3641 	0 x 00 00 00 00 	3642 	0 x 00 00 00 00 	3643 	0 x 00 00 00 00 	
3644 	0 x 00 00 00 00 	3645 	0 x 00 00 00 00 	3646 	0 x 00 00 00 00 	3647 	0 x 00 00 00 00 	
3648 	0 x 00 00 00 00 	3649 	0 x 00 00 00 00 	3650 	0 x 00 00 00 00 	3651 	0 x 00 00 00 00 	
3652 	0 x 00 00 00 00 	3653 	0 x 00 00 00 00 	3654 	0 x 00 00 00 00 	3655 	0 x 00 00 00 00 	
3656 	0 x 00 00 00 00 	3657 	0 x 00 00 00 00 	3658 	0 x 00 00 00 00 	3659 	0 x 00 00 00 00 	
3660 	0 x 00 00 00 00 	3661 	0 x 00 00 00 00 	3662 	0 x 00 00 00 00 	3663 	0 x 00 00 00 00 	
3664 	0 x 00 00 00 00 	3665 	0 x 00 00 00 00 	3666 	0 x 00 00 00 00 	3667 	0 x 00 00 00 00 	
3668 	0 x 00 00 00 00 	3669 	0 x 00 00 00 00 	3670 	0 x 00 00 00 00 	3671 	0 x 00 00 00 00 	
3672 	0 x 00 00 00 00 	3673 	0 x 00 00 00 00 	3674 	0 x 00 00 00 00 	3675 	0 x 00 00 00 00 	
3676 	0 x 00 00 00 00 	3677 	0 x 00 00 00 00 	3678 	0 x 00 00 00 00 	3679 	0 x 00 00 00 00 	
3680 	0 x 00 00 00 00 	3681 	0 x 00 00 00 00 	3682 	0 x 00 00 00 00 	3683 	0 x 00 00 00 00 	
3684 	0 x 00 00 00 00 	3685 	0 x 00 00 00 00 	3686 	0 x 00 00 00 00 	3687 	0 x 00 00 00 00 	
3688 	0 x 00 00 00 00 	3689 	0 x 00 00 00 00 	3690 	0 x 00 00 00 00 	3691 	0 x 00 00 00 00 	
3692 	0 x 00 00 00 00 	3693 	0 x 00 00 00 00 	3694 	0 x 00 00 00 00 	3695 	0 x 00 00 00 00 	
3696 	0 x 00 00 00 00 	3697 	0 x 00 00 00 00 	3698 	0 x 00 00 00 00 	3699 	0 x 00 00 00 00 	
3700 	0 x 00 00 00 00 	3701 	0 x 00 00 00 00 	3702 	0 x 00 00 00 00 	3703 	0 x 00 00 00 00 	
3704 	0 x 00 00 00 00 	3705 	0 x 00 00 00 00 	3706 	0 x 00 00 00 00 	3707 	0 x 00 00 00 00 	
3708 	0 x 00 00 00 00 	3709 	0 x 00 00 00 00 	3710 	0 x 00 00 00 00 	3711 	0 x 00 00 00 00 	
3712 	0 x 00 00 00 00 	3713 	0 x 00 00 00 00 	3714 	0 x 00 00 00 00 	3715 	0 x 00 00 00 00 	
3716 	0 x 00 00 00 00 	3717 	0 x 00 00 00 00 	3718 	0 x 00 00 00 00 	3719 	0 x 00 00 00 00 	
3720 	0 x 00 00 00 00 	3721 	0 x 00 00 00 00 	3722 	0 x 00 00 00 00 	3723 	0 x 00 00 00 00 	
3724 	0 x 00 00 00 00 	3725 	0 x 00 00 00 00 	3726 	0 x 00 00 00 00 	3727 	0 x 00 00 00 00 	
3728 	0 x 00 00 00 00 	3729 	0 x 00 00 00 00 	3730 	0 x 00 00 00 00 	3731 	0 x 00 00 00 00 	
3732 	0 x 00 00 00 00 	3733 	0 x 00 00 00 00 	3734 	0 x 00 00 00 00 	3735 	0 x 00 00 00 00 	
3736 	0 x 00 00 00 00 	3737 	0 x 00 00 00 00 	3738 	0 x 00 00 00 00 	3739 	0 x 00 00 00 00 	
3740 	0 x 00 00 00 00 	3741 	0 x 00 00 00 00 	3742 	0 x 00 00 00 00 	3743 	0 x 00 00 00 00 	
3744 	0 x 00 00 00 00 	3745 	0 x 00 00 00 00 	3746 	0 x 00 00 00 00 	3747 	0 x 00 00 00 00 	
3748 	0 x 00 00 00 00 	3749 	0 x 00 00 00 00 	3750 	0 x 00 00 00 00 	3751 	0 x 00 00 00 00 	
3752 	0 x 00 00 00 00 	3753 	0 x 00 00 00 00 	3754 	0 x 00 00 00 00 	3755 	0 x 00 00 00 00 	
3756 	0 x 00 00 00 00 	3757 	0 x 00 00 00 00 	3758 	0 x 00 00 00 00 	3759 	0 x 00 00 00 00 	
3760 	0 x 00 00 00 00 	3761 	0 x 00 00 00 00 	3762 	0 x 00 00 00 00 	3763 	0 x 00 00 00 00 	
3764 	0 x 00 00 00 00 	3765 	0 x 00 00 00 00 	3766 	0 x 00 00 00 00 	3767 	0 x 00 00 00 00 	
3768 	0 x 00 00 00 00 	3769 	0 x 00 00 00 00 	3770 	0 x 00 00 00 00 	3771 	0 x 00 00 00 00 	
3772 	0 x 00 00 00 00 	3773 	0 x 00 00 00 00 	3774 	0 x 00 00 00 00 	3775 	0 x 00 00 00 00 	
3776 	0 x 00 00 00 00 	3777 	0 x 00 00 00 00 	3778 	0 x 00 00 00 00 	3779 	0 x 00 00 00 00 	
3780 	0 x 00 00 00 00 	3781 	0 x 00 00 00 00 	3782 	0 x 00 00 00 00 	3783 	0 x 00 00 00 00 	
3784 	0 x 00 00 00 00 	3785 	0 x 00 00 00 00 	3786 	0 x 00 00 00 00 	3787 	0 x 00 00 00 00 	
3788 	0 x 00 00 00 00 	3789 	0 x 00 00 00 00 	3790 	0 x 00 00 00 00 	3791 	0 x 00 00 00 00 	
3792 	0 x 00 00 00 00 	3793 	0 x 00 00 00 00 	3794 	0 x 00 00 00 00 	3795 	0 x 00 00 00 00 	
3796 	0 x 00 00 00 00 	3797 	0 x 00 00 00 00 	3798 	0 x 00 00 00 00 	3799 	0 x 00 00 00 00 	
3800 	0 x 00 00 00 00 	3801 	0 x 00 00 00 00 	3802 	0 x 00 00 00 00 	3803 	0 x 00 00 00 00 	
3804 	0 x 00 00 00 00 	3805 	0 x 00 00 00 00 	3806 	0 x 00 00 00 00 	3807 	0 x 00 00 00 00 	
3808 	0 x 00 00 00 00 	3809 	0 x 00 00 00 00 	3810 	0 x 00 00 00 00 	3811 	0 x 00 00 00 00 	
3812 	0 x 00 00 00 00 	3813 	0 x 00 00 00 00 	3814 	0 x 00 00 00 00 	3815 	0 x 00 00 00 00 	
3816 	0 x 00 00 00 00 	3817 	0 x 00 00 00 00 	3818 	0 x 00 00 00 00 	3819 	0 x 00 00 00 00 	
3820 	0 x 00 00 00 00 	3821 	0 x 00 00 00 00 	3822 	0 x 00 00 00 00 	3823 	0 x 00 00 00 00 	
3824 	0 x 00 00 00 00 	3825 	0 x 00 00 00 00 	3826 	0 x 00 00 00 00 	3827 	0 x 00 00 00 00 	
3828 	0 x 00 00 00 00 	3829 	0 x 00 00 00 00 	3830 	0 x 00 00 00 00 	3831 	0 x 00 00 00 00 	
3832 	0 x 00 00 00 00 	3833 	0 x 00 00 00 00 	3834 	0 x 00 00 00 00 	3835 	0 x 00 00 00 00 	
3836 	0 x 00 00 00 00 	3837 	0 x 00 00 00 00 	3838 	0 x 00 00 00 00 	3839 	0 x 00 00 00 00 	
3840 	0 x 00 00 00 00 	3841 	0 x 00 00 00 00 	3842 	0 x 00 00 00 00 	3843 	0 x 00 00 00 00 	
3844 	0 x 00 00 00 00 	3845 	0 x 00 00 00 00 	3846 	0 x 00 00 00 00 	3847 	0 x 00 00 00 00 	
3848 	0 x 00 00 00 00 	3849 	0 x 00 00 00 00 	3850 	0 x 00 00 00 00 	3851 	0 x 00 00 00 00 	
3852 	0 x 00 00 00 00 	3853 	0 x 00 00 00 00 	3854 	0 x 00 00 00 00 	3855 	0 x 00 00 00 00 	
3856 	0 x 00 00 00 00 	3857 	0 x 00 00 00 00 	3858 	0 x 00 00 00 00 	3859 	0 x 00 00 00 00 	
3860 	0 x 00 00 00 00 	3861 	0 x 00 00 00 00 	3862 	0 x 00 00 00 00 	3863 	0 x 00 00 00 00 	
3864 	0 x 00 00 00 00 	3865 	0 x 00 00 00 00 	3866 	0 x 00 00 00 00 	3867 	0 x 00 00 00 00 	
3868 	0 x 00 00 00 00 	3869 	0 x 00 00 00 00 	3870 	0 x 00 00 00 00 	3871 	0 x 00 00 00 00 	
3872 	0 x 00 00 00 00 	3873 	0 x 00 00 00 00 	3874 	0 x 00 00 00 00 	3875 	0 x 00 00 00 00 	
3876 	0 x 00 00 00 00 	3877 	0 x 00 00 00 00 	3878 	0 x 00 00 00 00 	3879 	0 x 00 00 00 00 	
3880 	0 x 00 00 00 00 	3881 	0 x 00 00 00 00 	3882 	0 x 00 00 00 00 	3883 	0 x 00 00 00 00 	
3884 	0 x 00 00 00 00 	3885 	0 x 00 00 00 00 	3886 	0 x 00 00 00 00 	3887 	0 x 00 00 00 00 	
3888 	0 x 00 00 00 00 	3889 	0 x 00 00 00 00 	3890 	0 x 00 00 00 00 	3891 	0 x 00 00 00 00 	
3892 	0 x 00 00 00 00 	3893 	0 x 00 00 00 00 	3894 	0 x 00 00 00 00 	3895 	0 x 00 00 00 00 	
3896 	0 x 00 00 00 00 	3897 	0 x 00 00 00 00 	3898 	0 x 00 00 00 00 	3899 	0 x 00 00 00 00 	
3900 	0 x 00 00 00 00 	3901 	0 x 00 00 00 00 	3902 	0 x 00 00 00 00 	3903 	0 x 00 00 00 00 	
3904 	0 x 00 00 00 00 	3905 	0 x 00 00 00 00 	3906 	0 x 00 00 00 00 	3907 	0 x 00 00 00 00 	
3908 	0 x 00 00 00 00 	3909 	0 x 00 00 00 00 	3910 	0 x 00 00 00 00 	3911 	0 x 00 00 00 00 	
3912 	0 x 00 00 00 00 	3913 	0 x 00 00 00 00 	3914 	0 x 00 00 00 00 	3915 	0 x 00 00 00 00 	
3916 	0 x 00 00 00 00 	3917 	0 x 00 00 00 00 	3918 	0 x 00 00 00 00 	3919 	0 x 00 00 00 00 	
3920 	0 x 00 00 00 00 	3921 	0 x 00 00 00 00 	3922 	0 x 00 00 00 00 	3923 	0 x 00 00 00 00 	
3924 	0 x 00 00 00 00 	3925 	0 x 00 00 00 00 	3926 	0 x 00 00 00 00 	3927 	0 x 00 00 00 00 	
3928 	0 x 00 00 00 00 	3929 	0 x 00 00 00 00 	3930 	0 x 00 00 00 00 	3931 	0 x 00 00 00 00 	
3932 	0 x 00 00 00 00 	3933 	0 x 00 00 00 00 	3934 	0 x 00 00 00 00 	3935 	0 x 00 00 00 00 	
3936 	0 x 00 00 00 00 	3937 	0 x 00 00 00 00 	3938 	0 x 00 00 00 00 	3939 	0 x 00 00 00 00 	
3940 	0 x 00 00 00 00 	3941 	0 x 00 00 00 00 	3942 	0 x 00 00 00 00 	3943 	0 x 00 00 00 00 	
3944 	0 x 00 00 00 00 	3945 	0 x 00 00 00 00 	3946 	0 x 00 00 00 00 	3947 	0 x 00 00 00 00 	
3948 	0 x 00 00 00 00 	3949 	0 x 00 00 00 00 	3950 	0 x 00 00 00 00 	3951 	0 x 00 00 00 00 	
3952 	0 x 00 00 00 00 	3953 	0 x 00 00 00 00 	3954 	0 x 00 00 00 00 	3955 	0 x 00 00 00 00 	
3956 	0 x 00 00 00 00 	3957 	0 x 00 00 00 00 	3958 	0 x 00 00 00 00 	3959 	0 x 00 00 00 00 	
3960 	0 x 00 00 00 00 	3961 	0 x 00 00 00 00 	3962 	0 x 00 00 00 00 	3963 	0 x 00 00 00 00 	
3964 	0 x 00 00 00 00 	3965 	0 x 00 00 00 00 	3966 	0 x 00 00 00 00 	3967 	0 x 00 00 00 00 	
3968 	0 x 00 00 00 00 	3969 	0 x 00 00 00 00 	3970 	0 x 00 00 00 00 	3971 	0 x 00 00 00 00 	
3972 	0 x 00 00 00 00 	3973 	0 x 00 00 00 00 	3974 	0 x 00 00 00 00 	3975 	0 x 00 00 00 00 	
3976 	0 x 00 00 00 00 	3977 	0 x 00 00 00 00 	3978 	0 x 00 00 00 00 	3979 	0 x 00 00 00 00 	
3980 	0 x 00 00 00 00 	3981 	0 x 00 00 00 00 	3982 	0 x 00 00 00 00 	3983 	0 x 00 00 00 00 	
3984 	0 x 00 00 00 00 	3985 	0 x 00 00 00 00 	3986 	0 x 00 00 00 00 	3987 	0 x 00 00 00 00 	
3988 	0 x 00 00 00 00 	3989 	0 x 00 00 00 00 	3990 	0 x 00 00 00 00 	3991 	0 x 00 00 00 00 	
3992 	0 x 00 00 00 00 	3993 	0 x 00 00 00 00 	3994 	0 x 00 00 00 00 	3995 	0 x 00 00 00 00 	
3996 	0 x 00 00 00 00 	3997 	0 x 00 00 00 00 	3998 	0 x 00 00 00 00 	3999 	0 x 00 00 00 00 	
4000 	0 x 00 00 00 00 	4001 	0 x 00 00 00 00 	4002 	0 x 00 00 00 00 	4003 	0 x 00 00 00 00 	
4004 	0 x 00 00 00 00 	4005 	0 x 00 00 00 00 	4006 	0 x 00 00 00 00 	4007 	0 x 00 00 00 00 	
4008 	0 x 00 00 00 00 	4009 	0 x 00 00 00 00 	4010 	0 x 00 00 00 00 	4011 	0 x 00 00 00 00 	
4012 	0 x 00 00 00 00 	4013 	0 x 00 00 00 00 	4014 	0 x 00 00 00 00 	4015 	0 x 00 00 00 00 	
4016 	0 x 00 00 00 00 	4017 	0 x 00 00 00 00 	4018 	0 x 00 00 00 00 	4019 	0 x 00 00 00 00 	
4020 	0 x 00 00 00 00 	4021 	0 x 00 00 00 00 	4022 	0 x 00 00 00 00 	4023 	0 x 00 00 00 00 	
4024 	0 x 00 00 00 00 	4025 	0 x 00 00 00 00 	4026 	0 x 00 00 00 00 	4027 	0 x 00 00 00 00 	
4028 	0 x 00 00 00 00 	4029 	0 x 00 00 00 00 	4030 	0 x 00 00 00 00 	4031 	0 x 00 00 00 00 	
4032 	0 x 00 00 00 00 	4033 	0 x 00 00 00 00 	4034 	0 x 00 00 00 00 	4035 	0 x 00 00 00 00 	
4036 	0 x 00 00 00 00 	4037 	0 x 00 00 00 00 	4038 	0 x 00 00 00 00 	4039 	0 x 00 00 00 00 	
4040 	0 x 00 00 00 00 	4041 	0 x 00 00 00 00 	4042 	0 x 00 00 00 00 	4043 	0 x 00 00 00 00 	
4044 	0 x 00 00 00 00 	4045 	0 x 00 00 00 00 	4046 	0 x 00 00 00 00 	4047 	0 x 00 00 00 00 	
4048 	0 x 00 00 00 00 	4049 	0 x 00 00 00 00 	4050 	0 x 00 00 00 00 	4051 	0 x 00 00 00 00 	
4052 	0 x 00 00 00 00 	4053 	0 x 00 00 00 00 	4054 	0 x 00 00 00 00 	4055 	0 x 00 00 00 00 	
4056 	0 x 00 00 00 00 	4057 	0 x 00 00 00 00 	4058 	0 x 00 00 00 00 	4059 	0 x 00 00 00 00 	
4060 	0 x 00 00 00 00 	4061 	0 x 00 00 00 00 	4062 	0 x 00 00 00 00 	4063 	0 x 00 00 00 00 	
4064 	0 x 00 00 00 00 	4065 	0 x 00 00 00 00 	4066 	0 x 00 00 00 00 	4067 	0 x 00 00 00 00 	
4068 	0 x 00 00 00 00 	4069 	0 x 00 00 00 00 	4070 	0 x 00 00 00 00 	4071 	0 x 00 00 00 00 	
4072 	0 x 00 00 00 00 	4073 	0 x 00 00 00 00 	4074 	0 x 00 00 00 00 	4075 	0 x 00 00 00 00 	
4076 	0 x 00 00 00 00 	4077 	0 x 00 00 00 00 	4078 	0 x 00 00 00 00 	4079 	0 x 00 00 00 00 	
4080 	0 x 00 00 00 00 	4081 	0 x 00 00 00 00 	4082 	0 x 00 00 00 00 	4083 	0 x 00 00 00 00 	
4084 	0 x 00 00 00 00 	4085 	0 x 00 00 00 00 	4086 	0 x 00 00 00 00 	4087 	0 x 00 00 00 00 	
4088 	0 x 00 00 00 00 	4089 	0 x 00 00 00 00 	4090 	0 x 00 00 00 00 	4091 	0 x 00 00 00 00 	
4092 	0 x 00 00 00 00 	4093 	0 x 00 00 00 00 	4094 	0 x 00 00 00 00 	4095 	0 x 00 00 00 00 	
